env 005:   003  011  012  013  014  015  016  017  018  019  020  023  033  042  055  059  060  061  062  063   02   07   08   12  
env 007:   003  011  012  013  014  015  016  017  018  019  020  023  033  042  056  059  060  061  062  063   02   07   08   13  
env 009:   003  011  012  013  014  015  016  017  018  019  020  023  033  042  059  060  061  062  063   02   08   12  
env 011:   003  011  012  013  014  015  016  017  018  019  020  023  028  033  042  059  060  061  062  063   02   03   08   13  
env 015:   003  011  012  013  014  015  016  017  018  019  020  023  033  042  056  059  060  061  062  063   02   07   08   13  
env 017:   003  011  012  013  014  015  016  017  018  019  020  023  033  042  059  060  061  062  063   02   08   12  
env 021:   003  011  012  013  014  015  016  017  018  019  020  023  027  033  042  059  060  061  062  063   02   03   08   12  
env 023:   003  011  012  013  014  015  016  017  018  019  020  022  023  027  033  042  055  059  060  061  062  063   02   03   07   08   12  
env 026:   003  011  012  013  014  015  016  017  018  019  020  023  033  042  059  060  061  062  063   02   08   13  
env 030:   003  011  012  013  014  015  016  017  018  019  020  023  033  042  055  059  060  061  062  063   02   07   08   12  
env 031:   003  011  012  013  014  015  016  017  018  019  020  023  033  042  055  059  060  061  062  063   02   07   08   12  
env 036:   003  011  012  013  014  015  016  017  018  019  020  023  033  042  055  059  060  061  062  063   02   07   08   12  
env 037:   003  011  012  013  014  015  016  017  018  019  020  023  033  042  056  059  060  061  062  063   02   07   08   13  
env 041:   003  011  012  013  014  015  016  017  018  019  020  023  033  042  056  059  060  061  062  063   02   07   08   13  
env 045:   003  011  012  013  014  015  016  017  018  019  020  023  033  042  056  059  060  061  062  063   02   07   08   13  
env 047:   003  011  012  013  014  015  016  017  018  019  020  023  033  042  059  060  061  062  063   02   08   13  
env 052:   003  011  012  013  014  015  016  017  018  019  020  023  033  042  059  060  061  062  063   02   08   13  
env 053:   003  011  012  013  014  015  016  017  018  019  020  023  033  042  059  060  061  062  063   02   08   13  
env 055:   003  011  012  013  014  015  016  017  018  019  020  023  033  042  059  060  061  062  063   02   08   12  
env 061:   003  011  012  013  014  015  016  017  018  019  020  023  033  042  059  060  061  062  063   02   08   12  
env 062:   003  011  012  013  014  015  016  017  018  019  020  023  033  042  059  060  061  062  063   02   08   12  
env 067:   003  011  012  013  014  015  016  017  018  019  020  023  027  033  042  059  060  061  062  063   02   03   08   12  
env 069:   003  011  012  013  014  015  016  017  018  019  020  023  027  033  042  059  060  061  062  063   02   03   08   12  
env 070:   003  011  012  013  014  015  016  017  018  019  020  023  027  033  042  059  060  061  062  063   02   03   08   12  
env 074:   003  011  012  013  014  015  016  017  018  019  020  022  023  027  033  042  055  059  060  061  062  063   02   03   07   08   12  
env 076:   003  011  012  013  014  015  016  017  018  019  020  022  023  027  033  042  055  059  060  061  062  063   02   03   07   08   12  
env 079:   003  011  012  013  014  015  016  017  018  019  020  022  023  027  033  042  055  059  060  061  062  063   02   03   07   08   12  
env 085:   003  011  012  013  014  015  016  017  018  019  020  022  023  028  033  042  056  059  060  061  062  063   02   03   07   08   13  
env 086:   003  011  012  013  014  015  016  017  018  019  020  022  023  028  033  042  056  059  060  061  062  063   02   03   07   08   13  
env 087:   003  011  012  013  014  015  016  017  018  019  020  022  023  028  033  042  056  059  060  061  062  063   02   03   07   08   13  
env 092:   003  011  012  013  014  015  016  017  018  019  020  023  028  033  042  059  060  061  062  063   02   03   08   13  
env 098:   003  011  012  013  014  015  016  017  018  019  020  023  028  033  042  059  060  061  062  063   02   03   08   13  
env 099:   003  011  012  013  014  015  016  017  018  019  020  023  028  033  042  059  060  061  062  063   02   03   08   13  
env 006:   003  011  012  013  014  015  016  017  018  019  020  023  033  042  059  060  061  062  063   02   08   13  
env 014:   003  011  012  013  014  015  016  017  018  019  020  023  033  042  059  060  061  062  063   02   08   13  
env 027:   003  011  012  013  014  015  016  017  018  019  020  023  033  042  055  059  060  061  062  063   02   07   08   12  
env 028:   003  011  012  013  014  015  016  017  018  019  020  023  033  042  055  059  060  061  062  063   02   07   08   12  
env 044:   003  011  012  013  014  015  016  017  018  019  020  023  033  042  056  059  060  061  062  063   02   07   08   13  
env 049:   003  011  012  013  014  015  016  017  018  019  020  023  033  042  059  060  061  062  063   02   08   13  
env 060:   003  011  012  013  014  015  016  017  018  019  020  023  033  042  059  060  061  062  063   02   08   12  
env 071:   003  011  012  013  014  015  016  017  018  019  020  023  027  033  042  059  060  061  062  063   02   03   08   12  
env 077:   003  011  012  013  014  015  016  017  018  019  020  022  023  027  033  042  055  059  060  061  062  063   02   03   07   08   12  
env 084:   003  011  012  013  014  015  016  017  018  019  020  022  023  028  033  042  056  059  060  061  062  063   02   03   07   08   13  
env 095:   003  011  012  013  014  015  016  017  018  019  020  023  028  033  042  059  060  061  062  063   02   03   08   13  
env 034:   003  011  012  013  014  015  016  017  018  019  020  023  033  042  055  059  060  061  062  063   02   07   08   12  
env 043:   003  011  012  013  014  015  016  017  018  019  020  023  033  042  056  059  060  061  062  063   02   07   08   13  
env 054:   003  011  012  013  014  015  016  017  018  019  020  023  033  042  059  060  061  062  063   02   08   13  
env 063:   003  011  012  013  014  015  016  017  018  019  020  023  033  042  059  060  061  062  063   02   08   12  
env 072:   003  011  012  013  014  015  016  017  018  019  020  023  027  033  042  059  060  061  062  063   02   03   08   12  
env 081:   003  011  012  013  014  015  016  017  018  019  020  022  023  027  033  042  055  059  060  061  062  063   02   03   07   08   12  
env 090:   003  011  012  013  014  015  016  017  018  019  020  022  023  028  033  042  056  059  060  061  062  063   02   03   07   08   13  
env 096:   003  011  012  013  014  015  016  017  018  019  020  023  028  033  042  059  060  061  062  063   02   03   08   13  
env 002:   003  011  012  013  014  015  016  017  018  019  020  023  027  033  042  059  060  061  062  063   02   03   08   12  
env 004:   003  011  012  013  014  015  016  017  018  019  020  023  033  042  055  059  060  061  062  063   02   07   08   12  
env 013:   003  011  012  013  014  015  016  017  018  019  020  022  023  028  033  042  056  059  060  061  062  063   02   03   07   08   13  
env 025:   003  011  012  013  014  015  016  017  018  019  020  023  033  042  059  060  061  062  063   02   08   13  
env 001:   003  011  012  013  014  015  016  017  018  019  020  023  033  042  056  059  060  061  062  063   02   07   08   13  
env 018:   003  011  012  013  014  015  016  017  018  019  020  023  033  042  055  059  060  061  062  063   02   07   08   12  
env 020:   003  011  012  013  014  015  016  017  018  019  020  022  023  027  033  042  055  059  060  061  062  063   02   03   07   08   12  
