env 001:   018  056   02   07   13  
env 002:   023  027   03   08   12  
env 003:   022  027   03   07   12  
env 004:   017   02   07   12  
env 005:   017   02   07   12  
env 006:   013  018   02   08   13  
env 007:   018  056   02   07   13  
env 008:   023  027   03   08   12  
env 009:   013  017   02   08   12  
env 010:   028  056  022   03   07   13  
env 011:   028  023   03   08   13  
env 012:   023  027   03   08   12  
env 013:   028  056  022   03   07   13  
env 014:   013  018   02   08   13  
env 015:   018  056   02   07   13  
env 016:   022  027   03   07   12  
env 017:   013  017   02   08   12  
env 018:   017   02   07   12  
env 030:   017   02   07   12  
env 031:   017   02   07   12  
env 036:   017   02   07   12  
env 037:   018  056   02   07   13  
env 041:   018  056   02   07   13  
env 045:   018  056   02   07   13  
env 047:   013  018   02   08   13  
env 052:   013  018   02   08   13  
env 053:   013  018   02   08   13  
env 055:   013  017   02   08   12  
env 061:   013  017   02   08   12  
env 062:   013  017   02   08   12  
env 067:   023  027   03   08   12  
env 069:   023  027   03   08   12  
env 070:   023  027   03   08   12  
env 074:   022  027   03   07   12  
env 076:   022  027   03   07   12  
env 079:   022  027   03   07   12  
env 085:   028  056  022   03   07   13  
env 086:   028  056  022   03   07   13  
env 087:   028  056  022   03   07   13  
env 092:   028  023   03   08   13  
env 098:   028  023   03   08   13  
env 099:   028  023   03   08   13  
env 027:   017   02   07   12  
env 028:   017   02   07   12  
env 044:   018  056   02   07   13  
env 049:   013  018   02   08   13  
env 060:   013  017   02   08   12  
env 071:   023  027   03   08   12  
env 077:   022  027   03   07   12  
env 084:   028  056  022   03   07   13  
env 095:   028  023   03   08   13  
env 034:   017   02   07   12  
env 096:   028  023   03   08   13  
