env 001:   046  059  036  011  013  040  057  019  020  035  065  028  023  042  025  066  030  053  007  039  044  024  054  031  016  071  021  045  034  049  004  017  022  026  038  029  010  068  062  027  041  009  070    |   01   03   04   05   06   08   09   10   11   12   14   15  
env 002:   046  059  036  011  013  040  057  019  020  035  065  028  042  025  066  030  053  018  007  039  044  024  054  031  016  056  071  021  045  034  049  004  017  022  026  038  029  010  068  062  041  009  070    |   01   02   04   05   06   07   09   10   11   13   14   15  
env 003:   046  059  036  011  013  040  057  019  020  035  065  028  023  042  025  066  030  053  018  007  039  044  024  054  031  016  056  071  021  045  034  049  004  017  026  038  029  010  068  062  041  009  070    |   01   02   04   05   06   08   09   10   11   13   14   15  
env 004:   046  059  036  011  013  040  057  019  020  035  065  028  023  042  025  066  030  053  018  007  039  044  024  054  031  016  056  071  021  045  034  049  022  026  038  029  010  068  062  027  041  009  070    |   01   03   04   05   06   08   09   10   11   13   14   15  
env 005:   046  059  036  011  013  040  057  019  020  035  065  028  023  042  025  066  030  053  018  007  039  044  024  054  031  016  056  071  021  045  034  049  004  022  026  038  029  010  068  062  027  041  009  070    |   01   03   04   05   06   08   09   10   11   13   14   15  
env 006:   046  059  036  011  040  057  019  020  035  065  028  023  042  025  066  030  053  007  039  044  024  054  031  016  056  071  021  045  034  049  004  017  022  026  038  029  010  068  062  027  041  009  070    |   01   03   04   05   06   07   09   10   11   12   14   15  
env 007:   046  059  036  011  013  040  057  019  020  035  065  028  023  042  025  066  030  053  039  044  024  054  031  016  071  021  045  034  049  004  017  022  026  038  029  010  068  062  027  041  009  070    |   01   03   04   05   06   08   09   10   11   12   14   15  
env 008:   046  059  036  011  013  040  057  019  020  035  065  028  042  025  066  030  053  018  007  039  044  024  054  031  016  056  071  021  045  034  049  004  017  022  026  038  029  010  068  062  041  009  070    |   01   02   04   05   06   07   09   10   11   13   14   15  
env 009:   046  059  036  011  040  057  019  020  035  065  028  023  042  025  066  030  053  018  007  039  044  024  054  031  016  056  071  021  045  034  049  004  022  026  038  029  010  068  062  027  041  070    |   01   03   04   05   06   07   09   10   11   13   14   15  
env 010:   046  059  036  011  013  040  057  019  020  035  065  023  042  025  066  030  053  018  007  039  044  024  054  031  016  071  021  045  034  049  004  017  026  038  029  068  062  027  041  009  070    |   01   02   04   05   06   08   09   10   11   12   14   15  
env 011:   046  059  036  013  040  057  019  020  035  065  042  025  066  030  053  018  007  039  044  024  054  031  016  056  071  021  045  034  049  004  017  022  026  038  029  010  068  062  027  041  009  070    |   01   02   04   05   06   07   09   10   11   12   14   15  
env 012:   046  059  036  011  013  040  057  019  020  035  065  028  042  025  066  030  053  018  007  039  044  024  054  031  016  056  071  021  045  034  049  004  017  022  026  038  029  010  068  062  041  009  070    |   01   02   04   05   06   07   09   10   11   13   14   15  
env 013:   046  059  036  011  040  057  019  020  035  065  023  042  025  066  030  053  018  007  039  044  024  054  031  016  071  021  045  034  049  004  017  026  038  029  010  068  062  027  041  009  070    |   01   02   04   05   06   08   09   10   11   12   14   15  
env 014:   046  059  036  011  040  057  019  020  035  065  028  023  042  025  066  030  053  007  039  044  024  054  031  016  056  071  021  045  034  049  004  017  022  026  038  029  010  068  062  027  041  009  070    |   01   03   04   05   06   07   09   10   11   12   14   15  
env 015:   046  059  036  011  013  040  057  019  020  035  065  028  023  042  025  066  030  053  007  039  044  024  054  031  016  071  021  045  034  049  004  017  022  026  038  029  010  068  062  027  041  009  070    |   01   03   04   05   06   08   09   10   11   12   14   15  
env 016:   046  059  036  011  013  040  057  019  020  035  065  028  023  042  025  066  030  053  018  007  039  044  024  054  031  056  071  021  045  034  049  004  017  026  038  029  010  068  062  041  009  070    |   01   02   04   05   06   08   09   10   11   13   14   15  
env 017:   046  059  036  011  040  057  019  020  035  065  028  023  042  025  066  030  053  018  007  039  044  024  054  031  016  056  071  021  045  034  049  004  022  026  038  029  010  068  062  027  041  009  070    |   01   03   04   05   06   07   09   10   11   13   14   15  
env 018:   046  059  036  011  013  040  057  019  020  035  065  028  023  042  025  066  030  053  007  039  044  024  054  031  016  056  071  021  045  034  049  004  022  026  038  029  010  068  062  027  041  009  070    |   01   03   04   05   06   08   09   10   11   13   14   15  
env 030:   046  059  036  011  013  040  057  019  020  035  065  028  023  042  025  066  053  018  007  039  044  024  054  031  016  056  071  021  045  034  049  004  022  026  038  029  010  068  062  027  041  009  070    |   01   03   04   05   06   08   09   10   11   13   14   15  
env 031:   046  059  036  011  013  040  057  019  020  035  065  028  023  042  025  066  030  053  018  007  039  044  024  054  016  056  071  021  045  034  049  004  022  026  038  029  010  068  062  027  041  009  070    |   01   03   04   05   06   08   09   10   11   13   14   15  
env 036:   046  059  011  013  040  057  019  020  035  065  028  023  042  025  066  030  053  018  007  039  044  024  054  031  016  056  071  021  045  034  049  004  022  026  038  029  010  068  062  027  041  009  070    |   01   03   04   05   06   08   09   10   11   13   14   15  
env 037:   046  059  036  011  013  040  057  019  020  035  065  028  023  042  025  066  030  053  007  039  044  024  054  031  016  071  021  045  034  049  004  017  022  026  038  029  010  068  062  027  041  009  070    |   01   03   04   05   06   08   09   10   11   12   14   15  
env 041:   046  059  036  011  013  040  057  019  020  035  065  028  023  042  025  066  030  053  007  039  044  024  054  031  016  071  021  045  034  049  004  017  022  026  038  029  010  068  062  027  009  070    |   01   03   04   05   06   08   09   10   11   12   14   15  
env 045:   046  059  036  011  013  040  057  019  020  035  065  028  023  042  025  066  030  053  007  039  044  024  054  031  016  071  021  034  049  004  017  022  026  038  029  010  068  062  027  041  009  070    |   01   03   04   05   06   08   09   10   11   12   14   15  
env 047:   046  059  036  011  040  057  019  020  035  065  028  023  042  025  066  030  053  007  039  044  024  054  031  016  056  071  021  045  034  049  004  017  022  026  038  029  010  068  062  027  041  009  070    |   01   03   04   05   06   07   09   10   11   12   14   15  
env 052:   046  059  036  011  040  057  019  020  035  065  028  023  042  025  066  030  053  007  039  044  024  054  031  016  056  071  021  045  034  049  004  017  022  026  038  029  010  068  062  027  041  009  070    |   01   03   04   05   06   07   09   10   11   12   14   15  
env 053:   046  059  036  011  040  057  019  020  035  065  028  023  042  025  066  030  007  039  044  024  054  031  016  056  071  021  045  034  049  004  017  022  026  038  029  010  068  062  027  041  009  070    |   01   03   04   05   06   07   09   10   11   12   14   15  
env 055:   046  059  036  011  040  057  019  020  035  065  028  023  042  025  066  030  053  018  007  039  044  024  054  031  016  056  071  021  045  034  049  004  022  026  038  029  010  068  062  027  041  009  070    |   01   03   04   05   06   07   09   10   11   13   14   15  
env 061:   046  059  036  011  040  057  019  020  035  065  028  023  042  025  066  030  053  018  007  039  044  024  054  031  016  056  071  021  045  034  049  004  022  026  038  029  010  068  062  027  041  009  070    |   01   03   04   05   06   07   09   10   11   13   14   15  
env 062:   046  059  036  011  040  057  019  020  035  065  028  023  042  025  066  030  053  018  007  039  044  024  054  031  016  056  071  021  045  034  049  004  022  026  038  029  010  068  027  041  009  070    |   01   03   04   05   06   07   09   10   11   13   14   15  
env 067:   046  059  036  011  013  040  057  019  020  035  065  028  042  025  066  030  053  018  007  039  044  024  054  031  016  056  071  021  045  034  049  004  017  022  026  038  029  010  068  062  041  009  070    |   01   02   04   05   06   07   09   10   11   13   14   15  
env 069:   046  059  036  011  013  040  057  019  020  035  065  028  042  025  066  030  053  018  007  039  044  024  054  031  016  056  071  021  045  034  049  004  017  022  026  038  029  010  068  062  041  009  070    |   01   02   04   05   06   07   09   10   11   13   14   15  
env 070:   046  059  036  011  013  040  057  019  020  035  065  028  042  025  066  030  053  018  007  039  044  024  054  031  016  056  071  021  045  034  049  004  017  022  026  038  029  010  068  062  041  009    |   01   02   04   05   06   07   09   10   11   13   14   15  
env 074:   046  059  036  011  013  040  057  019  020  035  065  028  023  042  025  066  030  053  018  007  039  044  024  054  031  016  056  071  021  045  034  049  004  017  026  038  029  010  068  062  041  009  070    |   01   02   04   05   06   08   09   10   11   13   14   15  
env 076:   046  059  036  011  013  040  057  019  020  035  065  028  023  042  025  066  030  053  018  007  039  044  024  054  031  016  056  071  021  045  034  049  004  017  026  038  029  010  068  062  041  009  070    |   01   02   04   05   06   08   09   10   11   13   14   15  
env 079:   046  059  036  011  013  040  057  019  020  035  065  028  023  042  025  066  030  053  018  007  039  044  024  054  031  016  056  071  021  045  034  049  004  017  026  038  029  010  068  062  041  009  070    |   01   02   04   05   06   08   09   10   11   13   14   15  
env 085:   046  059  036  011  013  040  057  019  020  035  065  023  042  025  066  030  053  018  007  039  044  024  054  031  016  071  021  045  034  049  004  017  026  038  029  010  068  062  027  041  009  070    |   01   02   04   05   06   08   09   10   11   12   14   15  
env 086:   046  059  036  011  013  040  057  019  020  035  065  023  042  025  066  030  053  018  007  039  044  024  054  031  016  071  021  045  034  049  004  017  026  038  029  010  068  062  027  041  009  070    |   01   02   04   05   06   08   09   10   11   12   14   15  
env 087:   046  059  036  011  013  040  057  019  020  035  065  023  042  025  066  030  053  018  007  039  044  024  054  031  016  071  021  045  034  049  004  017  026  038  029  010  068  062  027  041  009  070    |   01   02   04   05   06   08   09   10   11   12   14   15  
env 092:   046  059  036  011  013  040  057  019  020  035  065  042  025  066  030  053  018  007  039  044  024  054  031  016  056  071  021  045  034  049  004  017  022  026  038  029  010  068  062  027  041  009  070    |   01   02   04   05   06   07   09   10   11   12   14   15  
env 098:   046  059  036  011  013  040  057  019  020  035  065  042  025  066  030  053  018  007  039  044  024  054  031  016  056  071  021  045  034  049  004  017  022  026  038  029  010  068  062  027  041  009  070    |   01   02   04   05   06   07   09   10   11   12   14   15  
env 099:   046  059  036  011  013  040  057  019  020  035  065  042  025  066  030  053  018  007  039  044  024  054  031  016  056  071  021  045  034  049  004  017  022  026  038  029  010  068  062  027  041  009  070    |   01   02   04   05   06   07   09   10   11   12   14   15  
env 027:   046  059  036  011  013  040  057  019  020  035  065  028  023  042  025  066  030  053  018  007  039  044  024  054  031  016  056  071  021  045  034  049  004  022  026  038  029  010  068  062  041  009  070    |   01   03   04   05   06   08   09   10   11   13   14   15  
env 028:   046  059  036  011  013  040  057  019  020  035  065  023  042  025  066  030  053  018  007  039  044  024  054  031  016  056  071  021  045  034  049  004  022  026  038  029  010  068  062  027  041  009  070    |   01   03   04   05   06   08   09   10   11   13   14   15  
env 044:   046  059  036  011  013  040  057  019  020  035  065  028  023  042  025  066  030  053  007  039  024  054  031  016  071  021  045  034  049  004  017  022  026  038  029  010  068  062  027  041  009  070    |   01   03   04   05   06   08   09   10   11   12   14   15  
env 049:   046  059  036  011  040  057  019  020  035  065  028  023  042  025  066  030  053  007  039  044  024  054  031  016  056  071  021  045  034  004  017  022  026  038  029  010  068  062  027  041  009  070    |   01   03   04   05   06   07   09   10   11   12   14   15  
env 060:   046  059  036  011  040  057  019  020  035  065  028  023  042  025  066  030  053  018  007  039  044  024  054  031  016  056  071  021  045  034  049  004  022  026  038  029  010  068  062  027  041  009  070    |   01   03   04   05   06   07   09   10   11   13   14   15  
env 071:   046  059  036  011  013  040  057  019  020  035  065  028  042  025  066  030  053  018  007  039  044  024  054  031  016  056  021  045  034  049  004  017  022  026  038  029  010  068  062  041  009  070    |   01   02   04   05   06   07   09   10   11   13   14   15  
env 077:   046  059  036  011  013  040  057  019  020  035  065  028  023  042  025  066  030  053  018  007  039  044  024  054  031  016  056  071  021  045  034  049  004  017  026  038  029  010  068  062  041  009  070    |   01   02   04   05   06   08   09   10   11   13   14   15  
env 084:   046  059  036  011  013  040  057  019  020  035  065  023  042  025  066  030  053  018  007  039  044  024  054  031  016  071  021  045  034  049  004  017  026  038  029  010  068  062  027  041  009  070    |   01   02   04   05   06   08   09   10   11   12   14   15  
env 095:   046  059  036  011  013  040  057  019  020  035  065  042  025  066  030  053  018  007  039  044  024  054  031  016  056  071  021  045  034  049  004  017  022  026  038  029  010  068  062  027  041  009  070    |   01   02   04   05   06   07   09   10   11   12   14   15  
env 034:   046  059  036  011  013  040  057  019  020  035  065  028  023  042  025  066  030  053  018  007  039  044  024  054  031  016  056  071  021  045  049  004  022  026  038  029  010  068  062  027  041  009  070    |   01   03   04   05   06   08   09   10   11   13   14   15  
env 096:   046  059  036  011  013  040  057  019  020  035  065  042  025  066  030  053  018  007  039  044  024  054  031  016  056  071  021  045  034  049  004  017  022  026  038  029  010  068  062  027  041  009  070    |   01   02   04   05   06   07   09   10   11   12   14   15  
