SKELETON:
  initial (pr2R) from 0 to 3
  initial (pr2L) from 0 to 3
  initial (red) from 0 to 3
  initial (green) from 0 to 3
  initial (blue) from 0 to 3
  initial (table1) from 0 to 3
  initial (table2) from 0 to 3
  touch (pr2R red) from 1 to 3
  stable (pr2R red) from 1 to 3
  touch (pr2L blue) from 2 to 2
  stable (pr2L blue) from 2 to 2
  above (blue green) from 3 to 3
  stableOn (green blue) from 3 to 3
  touch (pr2L blue) from 3 to 3
  touch (blue green) from 3 to 3
SWITCHES:
  START  -->  stable (pr2R red) from 1 to 3
  START  -->  stable (pr2L blue) from 2 to 2
  stable (pr2L blue) from 2 to 2  -->  stableOn (green blue) from 3 to 3
KOMO Problem:
  x-dim:74  dual-dim:0
  T:2 k:1 phases:2 stepsPerPhase:1 tau:10
  #configurations:3 q-dims: (0..0)32 (1..1)39 (2..2)35
    times:[10, 20]
  usingSwift:1
    TASK 'QuaternionNorms' ([1, 1])  type:eq  order:0  target:[]  scale:[3]
    TASK 'qItself#46' ([1, 1])  type:sos  order:1  target:[]  scale:[0.316228, 0.316228, 0.316228, 94.8683, 0.00316228, 0.0316228, 0.0316228, 0.0316228, 0.00316228, 0.0316228, 0.0316228, 0.0316228, 0.0316228, 0.0316228, 0.0316228, 0.0316228, 0.0316228, 0.0316228, 0.0316228, 0.0316228, 0.0316228, 0.0316228, 0.0316228, 0.0316228, 0.0316228]
    TASK 'qItself#46' ([1, 1])  type:sos  order:0  target:[]  scale:[0.0316228]
    TASK 'qZeroVel-red' ()  type:eq  order:1  target:[]  scale:[10]
    TASK 'TM_NoJumpToParent-1-red' ()  type:eq  order:1  target:[]  scale:[100]
    TASK 'TM_NoJumpToParent-1-blue' ([1])  type:eq  order:1  target:[]  scale:[100]
    TASK 'TM_NoJumpToParent-1-blue' ([0, 1])  type:eq  order:1  target:[]  scale:[100]
    TASK 'AboveBox:blue:green' ([0, 1])  type:ineq  order:0  target:[]  scale:[10]
    TASK 'PairCollision-pr2L-blue' ([0, 1])  type:eq  order:0  target:[]  scale:[100]
    TASK 'PairCollision-blue-green' ([0, 1])  type:eq  order:0  target:[]  scale:[100]
    TASK 'ProxyCost' ([1, 1])  type:sos  order:0  target:[]  scale:[10]
    SWITCH  timeOfApplication=-1  symbol=joint  jointType=free  fromId=105  toId=164
    SWITCH  timeOfApplication=0  symbol=joint  jointType=free  fromId=106  toId=166
    SWITCH  timeOfApplication=1  symbol=joint  jointType=transXYPhi  fromId=165  toId=166
{KOMO_specs:{ x_dim:74, T:2, k_order:1, tau:10, useSwift, X:[
0, 0, 0, 1, 0, 0, 0,
 0, 0, 0, 1, 0, 0, 0,
 -0.0500001, 0, 0.890675, 0.707107, 0, -0.707107, 0,
 -0.0670703, 0, 1.27213, 0.707107, 0, -0.707107, 0,
 0.0489299, 0, 1.11768, -0.707107, 0, 0, -0.707107,
 -0.0500001, -0.188, 0.890675, 0.620545, -0.339005, -0.620545, -0.339005,
 -0.0500001, 0.188, 0.890675, 0.620545, 0.339005, -0.620545, 0.339005,
 0.000929734, 0, 1.27213, -0.693012, -0.14048, -0.14048, -0.693012,
 0.0040302, -0.272147, 0.890675, -0.92972, -0.237396, -0.069654, -0.272787,
 0.0040302, 0.272147, 0.890675, -0.272787, -0.069654, -0.237396, -0.92972,
 0.0040302, -0.272147, 0.890675, 0.803075, -0.303564, 0.413242, -0.303564,
 0.0040302, 0.272147, 0.890675, 0.803075, 0.303564, 0.413242, 0.303564,
 0.193694, -0.567532, 0.698905, 0.488053, -0.616559, -0.0233568, 0.617346,
 0.193694, 0.567532, 0.698905, 0.617346, -0.0233568, -0.616559, 0.488053,
 0.193694, -0.567532, 0.698905, -0.285995, 0.839705, 0.393399, 0.24154,
 0.193694, 0.567532, 0.698905, -0.285995, -0.839705, 0.393399, -0.24154,
 0.377881, -0.399803, 0.901348, -0.145707, 0.937118, -0.297998, -0.108535,
 0.377881, 0.399803, 0.901348, -0.108535, -0.297998, 0.937118, -0.145707,
 0.39889, -0.372037, 0.908767, -0.0418855, -0.890686, -0.431374, -0.137276,
 0.39889, 0.372037, 0.908767, -0.0418855, 0.890686, -0.431374, 0.137276,
 0.451847, -0.318295, 0.926726, -0.297898, -0.742696, -0.24844, 0.54584,
 0.436708, -0.305809, 0.922865, 0.301692, -0.518311, -0.370556, -0.709245,
 0.436708, 0.305809, 0.922865, -0.370556, 0.709245, -0.301692, -0.518311,
 0.451847, 0.318295, 0.926726, 0.24844, 0.54584, -0.297898, 0.742696,
 0.515841, -0.256544, 0.948282, -0.27541, 0.532741, 0.334645, 0.726879,
 0.479436, -0.226517, 0.938997, 0.334645, 0.726879, 0.27541, -0.532741,
 0.479436, 0.226517, 0.938997, -0.27541, -0.532741, 0.334645, -0.726879,
 0.515841, 0.256544, 0.948281, 0.334645, -0.726879, 0.27541, 0.532741,
 0.487006, -0.23276, 0.940927, 0.0674513, -0.934838, 0.324783, -0.126686,
 0.508271, 0.2503, 0.946351, -0.126686, 0.324783, -0.934838, 0.0674513,
 -0.0282159, 0.00517696, 0.272424, 1, 0, 0, 0,
 0, 0, 0, 1, 0, 0, 0,
 -0.29, 0, 0.851, 1, 0, 0, 0,
 0.21838, 0.225407, 0.180919, 1, 0, 0, 0,
 0.224225, 0.270791, 0.0789213, 1, 0, 0, 0,
 0.224225, 0.172791, 0.0789213, 1, 0, 0, 0,
 0.21838, -0.223793, 0.180919, 1, 0, 0, 0,
 0.224225, -0.178409, 0.0789213, 1, 0, 0, 0,
 0.224225, -0.276409, 0.0789213, 1, 0, 0, 0,
 -0.23082, 0.225407, 0.180919, 1, 0, 0, 0,
 -0.224975, 0.270791, 0.0789213, 1, 0, 0, 0,
 -0.224975, 0.172791, 0.0789213, 1, 0, 0, 0,
 -0.23082, -0.223793, 0.180919, 1, 0, 0, 0,
 -0.224975, -0.178409, 0.0789213, 1, 0, 0, 0,
 -0.224975, -0.276409, 0.0789213, 1, 0, 0, 0,
 -0.116563, -0.00108579, 1.01135, -1, 0, 0, -0,
 -0.026643, 0.000777182, 1.26448, -1, 0, 0, -0,
 0.03954, 0.00096181, 1.36052, 0.980067, 0, 0.198669, 0,
 0.0474159, 1.43584e-08, 1.3225, 0.980067, 0, 0.198669, 0,
 0.0474159, 1.43584e-08, 1.3225, 0.980067, 0, 0.198669, 0,
 0.0479407, 8.16945e-09, 1.34942, 0.980067, 0, 0.198669, 0,
 -0.0538428, 0.00394506, 1.57636, 0.980067, 0, 0.198669, 0,
 -0.0208361, 0.0124999, 1.5983, 0.980067, 0, 0.198669, 0,
 -0.0208361, -0.0175001, 1.5983, 0.980067, 0, 0.198669, 0,
 -0.0524158, 0.0124999, 1.56005, 0.980067, 0, 0.198669, 0,
 0.0472586, -0.00300578, 1.12989, 1, 0, -0, 0,
 -0.0448562, -0.191235, 0.722545, -0.877583, 0, 0, 0.479426,
 0.033844, -0.320941, 0.877835, 0.850301, 0.118612, 0.217118, -0.464522,
 0.061539, -0.361528, 0.832555, 0.803075, -0.303564, 0.413242, -0.303564,
 0.144326, -0.497476, 0.743806, 0.803075, -0.303564, 0.413242, -0.303564,
 0.244854, -0.51539, 0.746781, -0.285995, 0.839705, 0.393399, 0.24154,
 0.210596, -0.556788, 0.714328, -0.781635, 0.419457, 0.452489, -0.0914241,
 0.318984, -0.452781, 0.833042, -0.285995, 0.839705, 0.393399, 0.24154,
 0.376423, -0.402433, 0.902914, 0.179776, -0.873359, -0.451926, -0.0262847,
 0.417531, -0.34752, 0.916464, -0.0418855, -0.890686, -0.431374, -0.137276,
 0.451216, -0.303233, 0.927257, -0.0418855, -0.890686, -0.431374, -0.137276,
 0.39889, -0.372037, 0.908767, -0.0418855, -0.890686, -0.431374, -0.137276,
 0.493236, -0.291834, 0.940276, 0.0349722, 0.911133, 0.386319, 0.139198,
 0.45184, -0.257573, 0.929275, -0.868013, 0.0486941, 0.135011, -0.475351,
 0.521172, -0.250676, 0.950242, -0.0418855, -0.890686, -0.431374, -0.137276,
 0.483703, -0.219702, 0.940425, 0.890686, -0.0418855, -0.137276, 0.431374,
 -0.0491989, 0.194023, 0.722545, -0.877583, 0, 0, -0.479426,
 0.0359917, 0.319562, 0.877835, 0.850301, -0.118612, 0.217118, 0.464522,
 0.0614936, 0.361649, 0.832696, 0.803075, 0.303564, 0.413242, 0.303564,
 0.144615, 0.496706, 0.742906, 0.803075, 0.303564, 0.413242, 0.303564,
 0.245654, 0.515918, 0.746491, -0.285995, -0.839705, 0.393399, -0.24154,
 0.210883, 0.556023, 0.713434, -0.781635, -0.419457, 0.452489, 0.0914241,
 0.317879, 0.452053, 0.833444, -0.285995, -0.839705, 0.393399, -0.24154,
 0.376795, 0.402679, 0.902779, 0.179776, 0.873359, -0.451926, 0.0262847,
 0.417092, 0.347158, 0.916352, -0.0418855, 0.890686, -0.431374, 0.137276,
 0.450881, 0.302957, 0.927172, -0.0418855, 0.890686, -0.431374, 0.137276,
 0.39889, 0.372037, 0.908767, -0.0418855, 0.890686, -0.431374, 0.137276,
 0.45172, 0.257591, 0.929687, 0.0486941, -0.868013, 0.475351, -0.135011,
 0.493356, 0.291815, 0.939863, 0.911133, 0.0349722, -0.139198, -0.386319,
 0.483632, 0.219713, 0.940668, -0.0418855, 0.890686, -0.431374, 0.137276,
 0.521242, 0.250665, 0.949999, -0.890686, -0.0418855, 0.137276, 0.431374,
 0, 0, 0.18, 1, 0, 0, 0,
 -0.13, 0, 0.55, 1, 0, 0, 0,
 0.108979, -0.435596, 0.78456, 0.803075, -0.303564, 0.413242, -0.303564,
 0.31419, -0.457802, 0.831344, -0.29955, 0.830764, 0.383179, 0.270698,
 0.469707, -0.278444, 0.933776, -0.0418855, -0.890686, -0.431374, -0.137276,
 0.108979, 0.435596, 0.78456, 0.803075, 0.303564, 0.413242, 0.303564,
 0.31419, 0.457802, 0.831344, -0.29955, -0.830764, 0.383179, -0.270698,
 0.469707, 0.278444, 0.933776, -0.0418855, 0.890686, -0.431374, 0.137276,
 0.508271, 0.2503, 0.946351, 0.0418855, -0.890686, 0.431374, -0.137276,
 0.487006, -0.23276, 0.940927, 0.0418855, 0.890686, 0.431374, 0.137276,
 0.404791, -0.364237, 0.910851, -0.579725, -0.753368, 0.191417, 0.244376,
 0.404791, 0.364237, 0.910851, 0.031525, 0.437371, -0.64258, -0.628336,
 0, 0, 0, 1, 0, 0, 0,
 0.15, 0, 0.890675, 1, 0, -1.11022e-16, 0,
 0.121345, 4.95118e-08, 1.3515, -0.589368, -0.390699, 0.390699, 0.589368,
 0.55, 0, 0.790675, 0.707107, 5.55112e-17, -5.55112e-17, -0.707107,
 0.093713, 3.09449e-08, 1.36318, 0.390699, -0.589368, 0.589368, -0.390699,
 -0.0208361, -0.0175001, 1.5983, 0.589368, 0.390699, -0.390699, -0.589368,
 0.0472586, -0.00300578, 1.12989, 0.5, -0.5, 0.5, -0.5,
 0.505116, -0.231648, 0.94628, 0.140075, -0.319237, -0.708725, 0.613335,
 0.505116, 0.231648, 0.94628, -0.613335, 0.708725, 0.319237, -0.140075,
 0, 0, 0, 1, 0, 0, 0,
 -0.0500001, 0, 0.890675, 0.707107, 0, -0.707107, 0,
 -0.05, 0, 0.790675, 0.707107, 0, -0.707107, 0,
 -0.0670703, 0, 1.27213, 0.707107, 0, -0.707107, 0,
 -0.0670703, 0, 1.27213, 0.707107, 0, -0.707107, 0,
 0.0489299, 0, 1.11768, -0.707107, 0, 0, -0.707107,
 0.0489299, 0, 1.11768, -0.707107, 0, 0, -0.707107,
 -0.0500001, -0.188, 0.890675, 0.620545, -0.339005, -0.620545, -0.339005,
 -0.0500001, -0.188, 0.890675, 0.707107, 0, -0.707107, 0,
 -0.0500001, 0.188, 0.890675, 0.620545, 0.339005, -0.620545, 0.339005,
 -0.0500001, 0.188, 0.890675, 0.707107, 0, -0.707107, 0,
 0.000929734, 0, 1.27213, -0.693012, -0.14048, -0.14048, -0.693012,
 0.000929734, 0, 1.27213, -0.707107, 0, 0, -0.707107,
 0.0040302, -0.272147, 0.890675, -0.92972, -0.237396, -0.069654, -0.272787,
 0.0040302, -0.272147, 0.890675, -0.95955, 0, 2.77556e-17, -0.28154,
 0.0040302, 0.272147, 0.890675, -0.272787, -0.069654, -0.237396, -0.92972,
 0.0040302, 0.272147, 0.890675, -0.28154, -5.55112e-17, 0, -0.95955,
 0.0040302, -0.272147, 0.890675, 0.803075, -0.303564, 0.413242, -0.303564,
 0.0040302, -0.272147, 0.890675, 0.850301, 0.118612, 0.217118, -0.464522,
 0.0040302, 0.272147, 0.890675, 0.803075, 0.303564, 0.413242, 0.303564,
 0.0040302, 0.272147, 0.890675, 0.850301, -0.118612, 0.217118, 0.464522,
 0.193694, -0.567532, 0.698905, 0.488053, -0.616559, -0.0233568, 0.617346,
 0.193694, -0.567532, 0.698905, 0.782512, 0.0775539, 0.506859, 0.353207,
 0.193694, 0.567532, 0.698905, 0.617346, -0.0233568, -0.616559, 0.488053,
 0.193694, 0.567532, 0.698905, 0.353207, 0.506859, 0.0775539, 0.782512,
 0.193694, -0.567532, 0.698905, -0.285995, 0.839705, 0.393399, 0.24154,
 0.193694, -0.567532, 0.698905, -0.781635, 0.419457, 0.452489, -0.0914241,
 0.193694, 0.567532, 0.698905, -0.285995, -0.839705, 0.393399, -0.24154,
 0.193694, 0.567532, 0.698905, -0.781635, -0.419457, 0.452489, 0.0914241,
 0.377881, -0.399803, 0.901348, -0.145707, 0.937118, -0.297998, -0.108535,
 0.377881, -0.399803, 0.901348, -0.373024, 0.871937, -0.315586, -0.0314346,
 0.377881, 0.399803, 0.901348, -0.108535, -0.297998, 0.937118, -0.145707,
 0.377881, 0.399803, 0.901348, -0.0314346, -0.315586, 0.871937, -0.373024,
 0.377881, -0.399803, 0.901348, -0.0418855, -0.890686, -0.431374, -0.137276,
 0.377881, -0.399803, 0.901348, 0.179776, -0.873359, -0.451926, -0.0262847,
 0.377881, 0.399803, 0.901348, -0.0418855, 0.890686, -0.431374, 0.137276,
 0.377881, 0.399803, 0.901348, 0.179776, 0.873359, -0.451926, 0.0262847,
 0.451847, -0.318295, 0.926726, -0.297898, -0.742696, -0.24844, 0.54584,
 0.451847, -0.318295, 0.926726, -0.334645, -0.726879, -0.27541, 0.532741,
 0.436708, -0.305809, 0.922865, 0.301692, -0.518311, -0.370556, -0.709245,
 0.436708, -0.305809, 0.922865, 0.27541, -0.532741, -0.334645, -0.726879,
 0.436708, 0.305809, 0.922865, -0.370556, 0.709245, -0.301692, -0.518311,
 0.436708, 0.305809, 0.922865, -0.334645, 0.726879, -0.27541, -0.532741,
 0.451847, 0.318295, 0.926726, 0.24844, 0.54584, -0.297898, 0.742696,
 0.451847, 0.318295, 0.926726, 0.27541, 0.532741, -0.334645, 0.726879,
 0.515841, -0.256544, 0.948282, -0.27541, 0.532741, 0.334645, 0.726879,
 0.515841, -0.256544, 0.948282, -0.24844, 0.54584, 0.297898, 0.742696,
 0.479436, -0.226517, 0.938997, 0.334645, 0.726879, 0.27541, -0.532741,
 0.479436, -0.226517, 0.938997, 0.370556, 0.709245, 0.301692, -0.518311,
 0.479436, 0.226517, 0.938997, -0.27541, -0.532741, 0.334645, -0.726879,
 0.479436, 0.226517, 0.938997, -0.301692, -0.518311, 0.370556, -0.709245,
 0.515841, 0.256544, 0.948281, 0.334645, -0.726879, 0.27541, 0.532741,
 0.515841, 0.256544, 0.948281, 0.297898, -0.742696, 0.24844, 0.54584,
 0.487006, -0.23276, 0.940927, 0.0674513, -0.934838, 0.324783, -0.126686,
 0.479436, -0.226517, 0.938997, 0.0674513, -0.934838, 0.324783, -0.126686,
 0.508271, 0.2503, 0.946351, -0.126686, 0.324783, -0.934838, 0.0674513,
 0.515841, 0.256544, 0.948281, -0.126686, 0.324783, -0.934838, 0.0674513,
 -0.300016, 1.10001, 0.750004, -0.707108, -2.77556e-17, 2.77556e-17, -0.707108,
 1.38778e-17, 1.15, 0.75, 0.707107, 0, 0, 0.707107,
 0.299997, 0.850005, 0.749998, -0.707108, -8.32667e-17, 2.77556e-17, -0.707108,
 0.1, 1.1, 0.6, 0.707107, 0, 0, 0.707107,
 0.8, 0, 0.6, 1, 0, 0, 0,
 -0.300016, 1.10001, 0.750004, -0.707108, -2.77556e-17, 2.77556e-17, -0.707108,
 1.38778e-17, 1.15, 0.75, 0.707107, 0, 0, 0.707107,
 0.299997, 0.850005, 0.749998, -0.707108, -8.32667e-17, 2.77556e-17, -0.707108,
 
0, 0, 0, 1, 0, 0, 0,
 0, 0, 0, 1, 0, 0, 0,
 -0.0500001, 0, 0.890675, 0.707107, 0, -0.707107, 0,
 -0.0670703, 0, 1.27213, 0.707107, 0, -0.707107, 0,
 0.0489299, 0, 1.11768, -0.707107, 0, 0, -0.707107,
 -0.0500001, -0.188, 0.890675, 0.620545, -0.339005, -0.620545, -0.339005,
 -0.0500001, 0.188, 0.890675, 0.620545, 0.339005, -0.620545, 0.339005,
 0.000929734, 0, 1.27213, -0.693012, -0.14048, -0.14048, -0.693012,
 0.0040302, -0.272147, 0.890675, -0.92972, -0.237396, -0.069654, -0.272787,
 0.0040302, 0.272147, 0.890675, -0.272787, -0.069654, -0.237396, -0.92972,
 0.0040302, -0.272147, 0.890675, 0.803075, -0.303564, 0.413242, -0.303564,
 0.0040302, 0.272147, 0.890675, 0.803075, 0.303564, 0.413242, 0.303564,
 0.193694, -0.567532, 0.698905, 0.488053, -0.616559, -0.0233568, 0.617346,
 0.193694, 0.567532, 0.698905, 0.617346, -0.0233568, -0.616559, 0.488053,
 0.193694, -0.567532, 0.698905, -0.285995, 0.839705, 0.393399, 0.24154,
 0.193694, 0.567532, 0.698905, -0.285995, -0.839705, 0.393399, -0.24154,
 0.377881, -0.399803, 0.901348, -0.145707, 0.937118, -0.297998, -0.108535,
 0.377881, 0.399803, 0.901348, -0.108535, -0.297998, 0.937118, -0.145707,
 0.39889, -0.372037, 0.908767, -0.0418855, -0.890686, -0.431374, -0.137276,
 0.39889, 0.372037, 0.908767, -0.0418855, 0.890686, -0.431374, 0.137276,
 0.451847, -0.318295, 0.926726, -0.297898, -0.742696, -0.24844, 0.54584,
 0.436708, -0.305809, 0.922865, 0.301692, -0.518311, -0.370556, -0.709245,
 0.436708, 0.305809, 0.922865, -0.370556, 0.709245, -0.301692, -0.518311,
 0.451847, 0.318295, 0.926726, 0.24844, 0.54584, -0.297898, 0.742696,
 0.515841, -0.256544, 0.948282, -0.27541, 0.532741, 0.334645, 0.726879,
 0.479436, -0.226517, 0.938997, 0.334645, 0.726879, 0.27541, -0.532741,
 0.479436, 0.226517, 0.938997, -0.27541, -0.532741, 0.334645, -0.726879,
 0.515841, 0.256544, 0.948281, 0.334645, -0.726879, 0.27541, 0.532741,
 0.487006, -0.23276, 0.940927, 0.0674513, -0.934838, 0.324783, -0.126686,
 0.508271, 0.2503, 0.946351, -0.126686, 0.324783, -0.934838, 0.0674513,
 -0.0282159, 0.00517696, 0.272424, 1, 0, 0, 0,
 0, 0, 0, 1, 0, 0, 0,
 -0.29, 0, 0.851, 1, 0, 0, 0,
 0.21838, 0.225407, 0.180919, 1, 0, 0, 0,
 0.224225, 0.270791, 0.0789213, 1, 0, 0, 0,
 0.224225, 0.172791, 0.0789213, 1, 0, 0, 0,
 0.21838, -0.223793, 0.180919, 1, 0, 0, 0,
 0.224225, -0.178409, 0.0789213, 1, 0, 0, 0,
 0.224225, -0.276409, 0.0789213, 1, 0, 0, 0,
 -0.23082, 0.225407, 0.180919, 1, 0, 0, 0,
 -0.224975, 0.270791, 0.0789213, 1, 0, 0, 0,
 -0.224975, 0.172791, 0.0789213, 1, 0, 0, 0,
 -0.23082, -0.223793, 0.180919, 1, 0, 0, 0,
 -0.224975, -0.178409, 0.0789213, 1, 0, 0, 0,
 -0.224975, -0.276409, 0.0789213, 1, 0, 0, 0,
 -0.116563, -0.00108579, 1.01135, -1, 0, 0, -0,
 -0.026643, 0.000777182, 1.26448, -1, 0, 0, -0,
 0.03954, 0.00096181, 1.36052, 0.980067, 0, 0.198669, 0,
 0.0474159, 1.43584e-08, 1.3225, 0.980067, 0, 0.198669, 0,
 0.0474159, 1.43584e-08, 1.3225, 0.980067, 0, 0.198669, 0,
 0.0479407, 8.16945e-09, 1.34942, 0.980067, 0, 0.198669, 0,
 -0.0538428, 0.00394506, 1.57636, 0.980067, 0, 0.198669, 0,
 -0.0208361, 0.0124999, 1.5983, 0.980067, 0, 0.198669, 0,
 -0.0208361, -0.0175001, 1.5983, 0.980067, 0, 0.198669, 0,
 -0.0524158, 0.0124999, 1.56005, 0.980067, 0, 0.198669, 0,
 0.0472586, -0.00300578, 1.12989, 1, 0, -0, 0,
 -0.0448562, -0.191235, 0.722545, -0.877583, 0, 0, 0.479426,
 0.033844, -0.320941, 0.877835, 0.850301, 0.118612, 0.217118, -0.464522,
 0.061539, -0.361528, 0.832555, 0.803075, -0.303564, 0.413242, -0.303564,
 0.144326, -0.497476, 0.743806, 0.803075, -0.303564, 0.413242, -0.303564,
 0.244854, -0.51539, 0.746781, -0.285995, 0.839705, 0.393399, 0.24154,
 0.210596, -0.556788, 0.714328, -0.781635, 0.419457, 0.452489, -0.0914241,
 0.318984, -0.452781, 0.833042, -0.285995, 0.839705, 0.393399, 0.24154,
 0.376423, -0.402433, 0.902914, 0.179776, -0.873359, -0.451926, -0.0262847,
 0.417531, -0.34752, 0.916464, -0.0418855, -0.890686, -0.431374, -0.137276,
 0.451216, -0.303233, 0.927257, -0.0418855, -0.890686, -0.431374, -0.137276,
 0.39889, -0.372037, 0.908767, -0.0418855, -0.890686, -0.431374, -0.137276,
 0.493236, -0.291834, 0.940276, 0.0349722, 0.911133, 0.386319, 0.139198,
 0.45184, -0.257573, 0.929275, -0.868013, 0.0486941, 0.135011, -0.475351,
 0.521172, -0.250676, 0.950242, -0.0418855, -0.890686, -0.431374, -0.137276,
 0.483703, -0.219702, 0.940425, 0.890686, -0.0418855, -0.137276, 0.431374,
 -0.0491989, 0.194023, 0.722545, -0.877583, 0, 0, -0.479426,
 0.0359917, 0.319562, 0.877835, 0.850301, -0.118612, 0.217118, 0.464522,
 0.0614936, 0.361649, 0.832696, 0.803075, 0.303564, 0.413242, 0.303564,
 0.144615, 0.496706, 0.742906, 0.803075, 0.303564, 0.413242, 0.303564,
 0.245654, 0.515918, 0.746491, -0.285995, -0.839705, 0.393399, -0.24154,
 0.210883, 0.556023, 0.713434, -0.781635, -0.419457, 0.452489, 0.0914241,
 0.317879, 0.452053, 0.833444, -0.285995, -0.839705, 0.393399, -0.24154,
 0.376795, 0.402679, 0.902779, 0.179776, 0.873359, -0.451926, 0.0262847,
 0.417092, 0.347158, 0.916352, -0.0418855, 0.890686, -0.431374, 0.137276,
 0.450881, 0.302957, 0.927172, -0.0418855, 0.890686, -0.431374, 0.137276,
 0.39889, 0.372037, 0.908767, -0.0418855, 0.890686, -0.431374, 0.137276,
 0.45172, 0.257591, 0.929687, 0.0486941, -0.868013, 0.475351, -0.135011,
 0.493356, 0.291815, 0.939863, 0.911133, 0.0349722, -0.139198, -0.386319,
 0.483632, 0.219713, 0.940668, -0.0418855, 0.890686, -0.431374, 0.137276,
 0.521242, 0.250665, 0.949999, -0.890686, -0.0418855, 0.137276, 0.431374,
 0, 0, 0.18, 1, 0, 0, 0,
 -0.13, 0, 0.55, 1, 0, 0, 0,
 0.108979, -0.435596, 0.78456, 0.803075, -0.303564, 0.413242, -0.303564,
 0.31419, -0.457802, 0.831344, -0.29955, 0.830764, 0.383179, 0.270698,
 0.469707, -0.278444, 0.933776, -0.0418855, -0.890686, -0.431374, -0.137276,
 0.108979, 0.435596, 0.78456, 0.803075, 0.303564, 0.413242, 0.303564,
 0.31419, 0.457802, 0.831344, -0.29955, -0.830764, 0.383179, -0.270698,
 0.469707, 0.278444, 0.933776, -0.0418855, 0.890686, -0.431374, 0.137276,
 0.508271, 0.2503, 0.946351, 0.0418855, -0.890686, 0.431374, -0.137276,
 0.487006, -0.23276, 0.940927, 0.0418855, 0.890686, 0.431374, 0.137276,
 0.404791, -0.364237, 0.910851, -0.579725, -0.753368, 0.191417, 0.244376,
 0.404791, 0.364237, 0.910851, 0.031525, 0.437371, -0.64258, -0.628336,
 0, 0, 0, 1, 0, 0, 0,
 0.15, 0, 0.890675, 1, 0, -1.11022e-16, 0,
 0.121345, 4.95118e-08, 1.3515, -0.589368, -0.390699, 0.390699, 0.589368,
 0.55, 0, 0.790675, 0.707107, 5.55112e-17, -5.55112e-17, -0.707107,
 0.093713, 3.09449e-08, 1.36318, 0.390699, -0.589368, 0.589368, -0.390699,
 -0.0208361, -0.0175001, 1.5983, 0.589368, 0.390699, -0.390699, -0.589368,
 0.0472586, -0.00300578, 1.12989, 0.5, -0.5, 0.5, -0.5,
 0.505116, -0.231648, 0.94628, 0.140075, -0.319237, -0.708725, 0.613335,
 0.505116, 0.231648, 0.94628, -0.613335, 0.708725, 0.319237, -0.140075,
 0, 0, 0, 1, 0, 0, 0,
 -0.0500001, 0, 0.890675, 0.707107, 0, -0.707107, 0,
 -0.05, 0, 0.790675, 0.707107, 0, -0.707107, 0,
 -0.0670703, 0, 1.27213, 0.707107, 0, -0.707107, 0,
 -0.0670703, 0, 1.27213, 0.707107, 0, -0.707107, 0,
 0.0489299, 0, 1.11768, -0.707107, 0, 0, -0.707107,
 0.0489299, 0, 1.11768, -0.707107, 0, 0, -0.707107,
 -0.0500001, -0.188, 0.890675, 0.620545, -0.339005, -0.620545, -0.339005,
 -0.0500001, -0.188, 0.890675, 0.707107, 0, -0.707107, 0,
 -0.0500001, 0.188, 0.890675, 0.620545, 0.339005, -0.620545, 0.339005,
 -0.0500001, 0.188, 0.890675, 0.707107, 0, -0.707107, 0,
 0.000929734, 0, 1.27213, -0.693012, -0.14048, -0.14048, -0.693012,
 0.000929734, 0, 1.27213, -0.707107, 0, 0, -0.707107,
 0.0040302, -0.272147, 0.890675, -0.92972, -0.237396, -0.069654, -0.272787,
 0.0040302, -0.272147, 0.890675, -0.95955, 0, 2.77556e-17, -0.28154,
 0.0040302, 0.272147, 0.890675, -0.272787, -0.069654, -0.237396, -0.92972,
 0.0040302, 0.272147, 0.890675, -0.28154, -5.55112e-17, 0, -0.95955,
 0.0040302, -0.272147, 0.890675, 0.803075, -0.303564, 0.413242, -0.303564,
 0.0040302, -0.272147, 0.890675, 0.850301, 0.118612, 0.217118, -0.464522,
 0.0040302, 0.272147, 0.890675, 0.803075, 0.303564, 0.413242, 0.303564,
 0.0040302, 0.272147, 0.890675, 0.850301, -0.118612, 0.217118, 0.464522,
 0.193694, -0.567532, 0.698905, 0.488053, -0.616559, -0.0233568, 0.617346,
 0.193694, -0.567532, 0.698905, 0.782512, 0.0775539, 0.506859, 0.353207,
 0.193694, 0.567532, 0.698905, 0.617346, -0.0233568, -0.616559, 0.488053,
 0.193694, 0.567532, 0.698905, 0.353207, 0.506859, 0.0775539, 0.782512,
 0.193694, -0.567532, 0.698905, -0.285995, 0.839705, 0.393399, 0.24154,
 0.193694, -0.567532, 0.698905, -0.781635, 0.419457, 0.452489, -0.0914241,
 0.193694, 0.567532, 0.698905, -0.285995, -0.839705, 0.393399, -0.24154,
 0.193694, 0.567532, 0.698905, -0.781635, -0.419457, 0.452489, 0.0914241,
 0.377881, -0.399803, 0.901348, -0.145707, 0.937118, -0.297998, -0.108535,
 0.377881, -0.399803, 0.901348, -0.373024, 0.871937, -0.315586, -0.0314346,
 0.377881, 0.399803, 0.901348, -0.108535, -0.297998, 0.937118, -0.145707,
 0.377881, 0.399803, 0.901348, -0.0314346, -0.315586, 0.871937, -0.373024,
 0.377881, -0.399803, 0.901348, -0.0418855, -0.890686, -0.431374, -0.137276,
 0.377881, -0.399803, 0.901348, 0.179776, -0.873359, -0.451926, -0.0262847,
 0.377881, 0.399803, 0.901348, -0.0418855, 0.890686, -0.431374, 0.137276,
 0.377881, 0.399803, 0.901348, 0.179776, 0.873359, -0.451926, 0.0262847,
 0.451847, -0.318295, 0.926726, -0.297898, -0.742696, -0.24844, 0.54584,
 0.451847, -0.318295, 0.926726, -0.334645, -0.726879, -0.27541, 0.532741,
 0.436708, -0.305809, 0.922865, 0.301692, -0.518311, -0.370556, -0.709245,
 0.436708, -0.305809, 0.922865, 0.27541, -0.532741, -0.334645, -0.726879,
 0.436708, 0.305809, 0.922865, -0.370556, 0.709245, -0.301692, -0.518311,
 0.436708, 0.305809, 0.922865, -0.334645, 0.726879, -0.27541, -0.532741,
 0.451847, 0.318295, 0.926726, 0.24844, 0.54584, -0.297898, 0.742696,
 0.451847, 0.318295, 0.926726, 0.27541, 0.532741, -0.334645, 0.726879,
 0.515841, -0.256544, 0.948282, -0.27541, 0.532741, 0.334645, 0.726879,
 0.515841, -0.256544, 0.948282, -0.24844, 0.54584, 0.297898, 0.742696,
 0.479436, -0.226517, 0.938997, 0.334645, 0.726879, 0.27541, -0.532741,
 0.479436, -0.226517, 0.938997, 0.370556, 0.709245, 0.301692, -0.518311,
 0.479436, 0.226517, 0.938997, -0.27541, -0.532741, 0.334645, -0.726879,
 0.479436, 0.226517, 0.938997, -0.301692, -0.518311, 0.370556, -0.709245,
 0.515841, 0.256544, 0.948281, 0.334645, -0.726879, 0.27541, 0.532741,
 0.515841, 0.256544, 0.948281, 0.297898, -0.742696, 0.24844, 0.54584,
 0.487006, -0.23276, 0.940927, 0.0674513, -0.934838, 0.324783, -0.126686,
 0.479436, -0.226517, 0.938997, 0.0674513, -0.934838, 0.324783, -0.126686,
 0.508271, 0.2503, 0.946351, -0.126686, 0.324783, -0.934838, 0.0674513,
 0.515841, 0.256544, 0.948281, -0.126686, 0.324783, -0.934838, 0.0674513,
 -0.300016, 1.10001, 0.750004, -0.707108, -2.77556e-17, 2.77556e-17, -0.707108,
 1.38778e-17, 1.15, 0.75, 0.707107, 0, 0, 0.707107,
 0.299997, 0.850005, 0.9, 0.707107, 0, 0, 0.707107,
 0.1, 1.1, 0.6, 0.707107, 0, 0, 0.707107,
 0.8, 0, 0.6, 1, 0, 0, 0,
 -0.300016, 1.10001, 0.750004, -0.707108, -2.77556e-17, 2.77556e-17, -0.707108,
 1.38778e-17, 1.15, 0.75, 0.707107, 0, 0, 0.707107,
 0.299997, 0.850005, 0.9, 0.707107, 0, 0, 0.707107,
 ], x:[[0, 0, 0, 0.1, 0, 0, -1, 1, 0.4, 0.5, 0.5, -1, 1, -2, -2, -1.5, 1.5, -0.5, -0.5, -0.5, 0.5, 0.1, 0.1, 0.01, 0.01, 1.4787, 0.0205667, -0.522559, -0.53274, -0.726877, -0.275409, 0.334644, 0.192904, 0.103524, 0.64423, 0.53274, 0.726877, -0.275409, 0.334644], [0, 0, 0, 0.1, 0, 0, -1, 1, 0.4, 0.5, 0.5, -1, 1, -2, -2, -1.5, 1.5, -0.5, -0.5, -0.5, 0.5, 0.1, 0.1, 0.01, 0.01, 1.4787, 0.0205667, -0.522559, -0.53274, -0.726877, -0.275409, 0.334644, -0.299995, -0.299997, 0]], dual:[] },
QuaternionNorms:{ order:0, type:eq, feature:QuaternionNorms, vars:[1, 1] },
qItself#46:{ order:1, type:sos, feature:"qItself#46", vars:[1, 1] },
qItself#46:{ order:0, type:sos, feature:"qItself#46", vars:[1, 1] },
qZeroVel-red:{ order:1, type:eq, feature:"qZeroVel-red" },
TM_NoJumpToParent-1-red:{ order:1, type:eq, feature:"TM_NoJumpToParent-1-red" },
TM_NoJumpToParent-1-blue:{ order:1, type:eq, feature:"TM_NoJumpToParent-1-blue", vars:[1] },
TM_NoJumpToParent-1-blue:{ order:1, type:eq, feature:"TM_NoJumpToParent-1-blue", vars:[0, 1] },
AboveBox:blue:green:{ order:0, type:ineq, feature:"AboveBox:blue:green", vars:[0, 1] },
PairCollision-pr2L-blue:{ order:0, type:eq, feature:"PairCollision-pr2L-blue", vars:[0, 1] },
PairCollision-blue-green:{ order:0, type:eq, feature:"PairCollision-blue-green", vars:[0, 1] },
ProxyCost:{ order:0, type:sos, feature:ProxyCost, vars:[1, 1] }}KOMO_run_log: [
{ lagrangianQuery: True, errors: [0.500373, 3.55335, 51.5269] },
{ lineSearch: 0, alpha: 1, beta: 1, f_x: 3472.01, f_y: 1396.08, wolfe: 1, accept: True },
{ newton: 1, evaluations: 2, f_x: 1396.08, alpha: 1.5 },
{ lagrangianQuery: True, errors: [3.01873, 2.15394, 22.7265] },
{ lineSearch: 0, alpha: 1, beta: 1, f_x: 1396.08, f_y: 274.455, wolfe: 1, accept: True },
{ newton: 2, evaluations: 3, f_x: 274.455, alpha: 1.5 },
{ lagrangianQuery: True, errors: [1.85909, 1.24327, 8.61911] },
{ lineSearch: 0, alpha: 1, beta: 1, f_x: 274.455, f_y: 54.1518, wolfe: 1, accept: True },
{ newton: 3, evaluations: 4, f_x: 54.1518, alpha: 1.5 },
{ lagrangianQuery: True, errors: [0.0419241, 0.893196, 12.666] },
{ lineSearch: 0, alpha: 1, beta: 1, f_x: 54.1518, f_y: 130.165, wolfe: 0, accept: False },
{ lagrangianQuery: True, errors: [0.612382, 1.06823, 7.78796] },
{ lineSearch: 1, alpha: 0.5, beta: 1, f_x: 54.1518, f_y: 46.1904, wolfe: 1, accept: True },
{ newton: 4, evaluations: 6, f_x: 46.1904, alpha: 0.75 },
{ lagrangianQuery: True, errors: [0.245654, 0.715334, 2.90535] },
{ lineSearch: 0, alpha: 0.75, beta: 1, f_x: 46.1904, f_y: 5.75304, wolfe: 1, accept: True },
{ newton: 5, evaluations: 7, f_x: 5.75304, alpha: 1.125 },
{ lagrangianQuery: True, errors: [0.0669047, 0.510742, 2.17466] },
{ lineSearch: 0, alpha: 1, beta: 1, f_x: 5.75304, f_y: 4.51494, wolfe: 1, accept: True },
{ newton: 6, evaluations: 8, f_x: 4.51494, alpha: 1.5 },
{ lagrangianQuery: True, errors: [0.152092, 0.00734711, 0.118038] },
{ lineSearch: 0, alpha: 1, beta: 1, f_x: 4.51494, f_y: 0.159473, wolfe: 1, accept: True },
{ newton: 7, evaluations: 9, f_x: 0.159473, alpha: 1.5 },
{ lagrangianQuery: True, errors: [0.102908, 0.00389764, 0.0652632] },
{ lineSearch: 0, alpha: 1, beta: 1, f_x: 0.159473, f_y: 0.105417, wolfe: 1, accept: True },
{ newton: 8, evaluations: 10, f_x: 0.105417, alpha: 1.5 },
{ lagrangianQuery: True, errors: [0.00322608, 0.00110503, 1.36658] },
{ lineSearch: 0, alpha: 1, beta: 1, f_x: 0.105417, f_y: 1.77663, wolfe: 0, accept: False },
{ lagrangianQuery: True, errors: [0.0281504, 0.00250134, 0.462582] },
{ lineSearch: 1, alpha: 0.5, beta: 1, f_x: 0.105417, f_y: 0.235212, wolfe: 0, accept: False },
{ lagrangianQuery: True, errors: [0.059157, 0.00319949, 0.160221] },
{ lineSearch: 2, alpha: 0.25, beta: 1, f_x: 0.105417, f_y: 0.0817202, wolfe: 1, accept: True },
{ newton: 9, evaluations: 13, f_x: 0.0817202, alpha: 0.375 },
{ lagrangianQuery: True, errors: [0.0259696, 0.00262139, 0.472049] },
{ lineSearch: 0, alpha: 0.375, beta: 1, f_x: 0.0817202, f_y: 0.241601, wolfe: 0, accept: False },
{ lagrangianQuery: True, errors: [0.0408792, 0.00291044, 0.239122] },
{ lineSearch: 1, alpha: 0.1875, beta: 1, f_x: 0.0817202, f_y: 0.0948728, wolfe: 0, accept: False },
{ lagrangianQuery: True, errors: [0.0494193, 0.00305496, 0.172577] },
{ lineSearch: 2, alpha: 0.09375, beta: 1, f_x: 0.0817202, f_y: 0.0763248, wolfe: 1, accept: True },
{ newton: 10, evaluations: 16, f_x: 0.0763248, alpha: 0.140625 },
{ lagrangianQuery: True, errors: [0.0396518, 0.00293603, 0.249004] },
{ lineSearch: 0, alpha: 0.140625, beta: 1, f_x: 0.0763248, f_y: 0.0982226, wolfe: 0, accept: False },
{ lagrangianQuery: True, errors: [0.0444361, 0.0029955, 0.187659] },
{ lineSearch: 1, alpha: 0.0703125, beta: 1, f_x: 0.0763248, f_y: 0.076872, wolfe: 0, accept: False },
{ lagrangianQuery: True, errors: [0.0468703, 0.00302523, 0.173331] },
{ lineSearch: 2, alpha: 0.0351562, beta: 1, f_x: 0.0763248, f_y: 0.0741758, wolfe: 1, accept: True },
{ newton: 11, evaluations: 19, f_x: 0.0741758, alpha: 0.0527344 },
{ lagrangianQuery: True, errors: [0.043636, 0.00299691, 0.182577] },
{ lineSearch: 0, alpha: 0.0527344, beta: 1, f_x: 0.0741758, f_y: 0.0743135, wolfe: 0, accept: False },
{ lagrangianQuery: True, errors: [0.0450706, 0.00301107, 0.173385] },
{ lineSearch: 1, alpha: 0.0263672, beta: 1, f_x: 0.0741758, f_y: 0.0725047, wolfe: 1, accept: True },
{ newton: 12, evaluations: 21, f_x: 0.0725047, alpha: 0.0395508 },
{ lagrangianQuery: True, errors: [0.0450706, 0.00301107, 0.173385] },
{ optConstraint: 1, mu: 5, nu: 5, L_x_beforeUpdate: 0.0725047, L_x_afterUpdate: 0.237109, errors: [0.0450706, 0.00301107, 0.173385], lambda: [2.3105e-06, 0.000480448, 0, 0, 0, 0, 0, 0, 0, 0, 0, 0, 0, 0, 0, 0, 0, 0, 0, 0, 0, 0, 0, 0, 0, 0, 0, 0, 0, 0, 0, 0, 0, 0, 0, 0, 0, 0, 0, 0, 0, 0, 0, 0, 0, 0, 0, 0, 0, 0, 0, 0, 0.000111273, 0.0011103, -0.00185958, 3.70224e-05, -0.000197807, -0.000564022, -0.00202593, 0, 1.88617e-10, 0, 0, 0, 0, 0, 0, 0, 0, 0, 0, 0, 0, 0, 0, 0, 0, 0, 0, 0, 0, 0, 0, 0, 0, 0, 0, 0, 0, 0, 0, 0, 0, 0, 0, 0, 0, 0, 0, 0, 0, 0, 0, 0, 0, 0, 0, 0, 0, 0, 0, 0.000257997, -0.0018109, -0.00330822, 0.000343778, -0.000440855, 0.00121644, -0.00183737, 0, 0.00602214, 0, 0, -0.331166, -2.91434e-14, 0] },
{ lagrangianQuery: True, errors: [0.0430245, 0.00288755, 0.174914] },
{ lineSearch: 0, alpha: 0.0395508, beta: 1, f_x: 0.237109, f_y: 0.238862, wolfe: 0, accept: False },
{ lagrangianQuery: True, errors: [0.0440029, 0.00294931, 0.171764] },
{ lineSearch: 1, alpha: 0.0197754, beta: 1, f_x: 0.237109, f_y: 0.23319, wolfe: 1, accept: True },
{ newton: 13, evaluations: 23, f_x: 0.23319, alpha: 0.0296631 },
{ lagrangianQuery: True, errors: [0.0436978, 0.00285247, 0.167263] },
{ lineSearch: 0, alpha: 0.0296631, beta: 1, f_x: 0.23319, f_y: 0.224603, wolfe: 1, accept: True },
{ newton: 14, evaluations: 24, f_x: 0.224603, alpha: 0.0444946 },
{ lagrangianQuery: True, errors: [0.0418677, 0.00270091, 0.158442] },
{ lineSearch: 0, alpha: 0.0444946, beta: 1, f_x: 0.224603, f_y: 0.206558, wolfe: 1, accept: True },
{ newton: 15, evaluations: 25, f_x: 0.206558, alpha: 0.0667419 },
{ lagrangianQuery: True, errors: [0.0393559, 0.00248362, 0.145691] },
{ lineSearch: 0, alpha: 0.0667419, beta: 1, f_x: 0.206558, f_y: 0.181847, wolfe: 1, accept: True },
{ newton: 16, evaluations: 26, f_x: 0.181847, alpha: 0.100113 },
{ lagrangianQuery: True, errors: [0.0376572, 0.00542988, 0.127561] },
{ lineSearch: 0, alpha: 0.100113, beta: 1, f_x: 0.181847, f_y: 0.151166, wolfe: 1, accept: True },
{ newton: 17, evaluations: 27, f_x: 0.151166, alpha: 0.150169 },
{ lagrangianQuery: True, errors: [0.0376572, 0.00542988, 0.127561] },
{ optConstraint: 2, mu: 25, nu: 25, L_x_beforeUpdate: 0.151166, L_x_afterUpdate: 0.591508, errors: [0.0376572, 0.00542988, 0.127561], lambda: [1.05892e-05, 0.00243894, 0, 0, 0, 0, 0, 0, 0, 0, 0, 0, 0, 0, 0, 0, 0, 0, 0, 0, 0, 0, 0, 0, 0, 0, 0, 0, 0, 0, 0, 0, 0, 0, 0, 0, 0, 0, 0, 0, 0, 0, 0, 0, 0, 0, 0, 0, 0, 0, 0, 0, 0.0011703, 0.0054153, -0.0083335, 0.000222459, -0.000480445, -0.00248768, -0.00856919, 0, 8.6445e-10, 0, 0, 0, 0, 0, 0, 0, 0, 0, 0, 0, 0, 0, 0, 0, 0, 0, 0, 0, 0, 0, 0, 0, 0, 0, 0, 0, 0, 0, 0, 0, 0, 0, 0, 0, 0, 0, 0, 0, 0, 0, 0, 0, 0, 0, 0, 0, 0, 0, 0, 0.000834433, -0.0155751, -0.0159904, 0.00197898, -0.00257939, 0.00606028, -0.00839187, 0, 0.0278142, 0, 0.0325067, -1.54184, -1.7486e-13, 0] },
{ lagrangianQuery: True, errors: [0.0376219, 0.00444277, 0.102638] },
{ lineSearch: 0, alpha: 0.150169, beta: 1, f_x: 0.591508, f_y: 0.41326, wolfe: 1, accept: True },
{ newton: 18, evaluations: 28, f_x: 0.41326, alpha: 0.225254 },
{ lagrangianQuery: True, errors: [0.0374327, 0.0031774, 0.0815591] },
{ lineSearch: 0, alpha: 0.225254, beta: 1, f_x: 0.41326, f_y: 0.283585, wolfe: 1, accept: True },
{ newton: 19, evaluations: 29, f_x: 0.283585, alpha: 0.337881 },
{ lagrangianQuery: True, errors: [0.0399768, 0.00170865, 0.0567451] },
{ lineSearch: 0, alpha: 0.337881, beta: 1, f_x: 0.283585, f_y: 0.164386, wolfe: 1, accept: True },
{ newton: 20, evaluations: 30, f_x: 0.164386, alpha: 0.506822 },
{ lagrangianQuery: True, errors: [0.0376427, 0.000250591, 0.0196501] },
{ lineSearch: 0, alpha: 0.506822, beta: 1, f_x: 0.164386, f_y: 0.0594719, wolfe: 1, accept: True },
{ newton: 21, evaluations: 31, f_x: 0.0594719, alpha: 0.760232 },
{ lagrangianQuery: True, errors: [0.0450105, 0, 0.0248379] },
{ lineSearch: 0, alpha: 0.760232, beta: 1, f_x: 0.0594719, f_y: 0.0374212, wolfe: 1, accept: True },
{ newton: 22, evaluations: 32, f_x: 0.0374212, alpha: 1.14035 },
{ lagrangianQuery: True, errors: [0.157041, 0, 1.02648] },
{ lineSearch: 0, alpha: 1, beta: 1, f_x: 0.0374212, f_y: 25.659, wolfe: 0, accept: False },
{ lagrangianQuery: True, errors: [0.0571618, 0, 0.344848] },
{ lineSearch: 1, alpha: 0.5, beta: 1, f_x: 0.0374212, f_y: 3.27085, wolfe: 0, accept: False },
{ lagrangianQuery: True, errors: [0.0315896, 0, 0.0812269] },
{ lineSearch: 2, alpha: 0.25, beta: 1, f_x: 0.0374212, f_y: 0.25452, wolfe: 0, accept: False },
{ lagrangianQuery: True, errors: [0.0378672, 0, 0.0437017] },
{ lineSearch: 3, alpha: 0.125, beta: 1, f_x: 0.0374212, f_y: 0.101182, wolfe: 0, accept: False },
{ lagrangianQuery: True, errors: [0.0413312, 0, 0.0239796] },
{ lineSearch: 4, alpha: 0.0625, beta: 1, f_x: 0.0374212, f_y: 0.0538256, wolfe: 0, accept: False },
{ lagrangianQuery: True, errors: [0.043144, 0, 0.0210696] },
{ lineSearch: 5, alpha: 0.03125, beta: 1, f_x: 0.0374212, f_y: 0.0395917, wolfe: 0, accept: False },
{ newton: 23, evaluations: 38, f_x: 0.0374212, alpha: 0.015625 },
{ lagrangianQuery: True, errors: [0.0440705, 0, 0.0239338] },
{ lineSearch: 0, alpha: 0.015625, beta: 1, f_x: 0.0374212, f_y: 0.0371885, wolfe: 1, accept: True },
{ newton: 24, evaluations: 39, f_x: 0.0371885, alpha: 0.0234375 },
{ lagrangianQuery: True, errors: [0.0428094, 0, 0.0228033] },
{ lineSearch: 0, alpha: 0.0234375, beta: 1, f_x: 0.0371885, f_y: 0.036745, wolfe: 1, accept: True },
{ newton: 25, evaluations: 40, f_x: 0.036745, alpha: 0.0351562 },
{ lagrangianQuery: True, errors: [0.0411349, 0, 0.0226122] },
{ lineSearch: 0, alpha: 0.0351562, beta: 1, f_x: 0.036745, f_y: 0.0344148, wolfe: 1, accept: True },
{ newton: 26, evaluations: 41, f_x: 0.0344148, alpha: 0.0527344 },
{ lagrangianQuery: True, errors: [0.0388391, 0, 0.0229787] },
{ lineSearch: 0, alpha: 0.0527344, beta: 1, f_x: 0.0344148, f_y: 0.0304117, wolfe: 1, accept: True },
{ newton: 27, evaluations: 42, f_x: 0.0304117, alpha: 0.0791016 },
{ lagrangianQuery: True, errors: [0.0388391, 0, 0.0229787] },
{ optConstraint: 3, mu: 125, nu: 125, L_x_beforeUpdate: 0.0304117, L_x_afterUpdate: 0.0421917, errors: [0.0388391, 0, 0.0229787], lambda: [2.3613e-06, 0.0574806, 0, 0, 0, 0, 0, 0, 0, 0, 0, 0, 0, 0, 0, 0, 0, 0, 0, 0, 0, 0, 0, 0, 0, 0, 0, 0, 0, 0, 0, 0, 0, 0, 0, 0, 0, 0, 0, 0, 0, 0, 0, 0, 0, 0, 0, 0, 0, 0, 0, 0, 0.04587, 0.0981276, 0.0204848, 0.00114048, 0.0161327, 0.0326747, 0.085322, 0, 1.92754e-10, 0, 0, 0, 0, 0, 0, 0, 0, 0, 0, 0, 0, 0, 0, 0, 0, 0, 0, 0, 0, 0, 0, 0, 0, 0, 0, 0, 0, 0, 0, 0, 0, 0, 0, 0, 0, 0, 0, 0, 0, 0, 0, 0, 0, 0, 0, 0, 0, 0, 0, -0.039571, -0.232392, -0.0549934, 0.0368632, -0.0425686, 0.0308347, -0.0547709, 0, 0.00646022, 0, 0.00898199, -1.20302, -3.48332e-13, 0] },
{ lagrangianQuery: True, errors: [0.0357284, 0, 0.0213057] },
{ lineSearch: 0, alpha: 0.0791016, beta: 1, f_x: 0.0421917, f_y: 0.0381281, wolfe: 1, accept: True },
{ newton: 28, evaluations: 43, f_x: 0.0381281, alpha: 0.118652 },
{ lagrangianQuery: True, errors: [0.034759, 0, 0.0189303] },
{ lineSearch: 0, alpha: 0.118652, beta: 1, f_x: 0.0381281, f_y: 0.0359428, wolfe: 1, accept: True },
{ newton: 29, evaluations: 44, f_x: 0.0359428, alpha: 0.177979 },
{ lagrangianQuery: True, errors: [0.0341339, 0, 0.0156117] },
{ lineSearch: 0, alpha: 0.177979, beta: 1, f_x: 0.0359428, f_y: 0.0341861, wolfe: 1, accept: True },
{ newton: 30, evaluations: 45, f_x: 0.0341861, alpha: 0.266968 },
{ lagrangianQuery: True, errors: [0.0337664, 0, 0.0117803] },
{ lineSearch: 0, alpha: 0.266968, beta: 1, f_x: 0.0341861, f_y: 0.032446, wolfe: 1, accept: True },
{ newton: 31, evaluations: 46, f_x: 0.032446, alpha: 0.400452 },
{ lagrangianQuery: True, errors: [0.0321941, 0, 0.0134124] },
{ lineSearch: 0, alpha: 0.400452, beta: 1, f_x: 0.032446, f_y: 0.047722, wolfe: 0, accept: False },
{ lagrangianQuery: True, errors: [0.0329994, 0, 0.00850147] },
{ lineSearch: 1, alpha: 0.200226, beta: 1, f_x: 0.032446, f_y: 0.0319227, wolfe: 1, accept: True },
{ newton: 32, evaluations: 48, f_x: 0.0319227, alpha: 0.300339 },
{ lagrangianQuery: True, errors: [0.0329994, 0, 0.00850147] },
{ optConstraint: 4, mu: 625, nu: 625, L_x_beforeUpdate: 0.0319227, L_x_afterUpdate: 0.0401973, errors: [0.0329994, 0, 0.00850147], lambda: [-1.51696e-05, 0.16501, 0, 0, 0, 0, 0, 0, 0, 0, 0, 0, 0, 0, 0, 0, 0, 0, 0, 0, 0, 0, 0, 0, 0, 0, 0, 0, 0, 0, 0, 0, 0, 0, 0, 0, 0, 0, 0, 0, 0, 0, 0, 0, 0, 0, 0, 0, 0, 0, 0, 0, 0.127705, 0.270349, 0.0509006, 0.00577455, 0.0406413, 0.0986063, 0.268023, 0, -1.23827e-09, 0, 0, 0, 0, 0, 0, 0, 0, 0, 0, 0, 0, 0, 0, 0, 0, 0, 0, 0, 0, 0, 0, 0, 0, 0, 0, 0, 0, 0, 0, 0, 0, 0, 0, 0, 0, 0, 0, 0, 0, 0, 0, 0, 0, 0, 0, 0, 0, 0, 0, -0.110806, -0.632662, -0.121101, 0.0991836, -0.118767, 0.0730671, -0.149498, 0, 0, 0, 0, -0.560544, -1.21569e-12, 0] },
{ lagrangianQuery: True, errors: [0.0314845, 0.0614121, 0.0737799] },
{ lineSearch: 0, alpha: 0.300339, beta: 1, f_x: 0.0401973, f_y: 5.13461, wolfe: 0, accept: False },
{ lagrangianQuery: True, errors: [0.0314933, 0.0306147, 0.0239961] },
{ lineSearch: 1, alpha: 0.150169, beta: 1, f_x: 0.0401973, f_y: 0.854497, wolfe: 0, accept: False },
{ lagrangianQuery: True, errors: [0.0322233, 0.015216, 0.0133923] },
{ lineSearch: 2, alpha: 0.0750847, beta: 1, f_x: 0.0401973, f_y: 0.226535, wolfe: 0, accept: False },
{ lagrangianQuery: True, errors: [0.0326055, 0.00751668, 0.00772814] },
{ lineSearch: 3, alpha: 0.0375423, beta: 1, f_x: 0.0401973, f_y: 0.0760624, wolfe: 0, accept: False },
{ newton: 33, evaluations: 52, f_x: 0.0401973, alpha: 0.0187712 },
{ lagrangianQuery: True, errors: [0.032801, 0.00366701, 0.00683363] },
{ lineSearch: 0, alpha: 0.0187712, beta: 1, f_x: 0.0401973, f_y: 0.0456546, wolfe: 0, accept: False },
{ newton: 34, evaluations: 53, f_x: 0.0401973, alpha: 0.00938559 },
{ lagrangianQuery: True, errors: [0.0328998, 0.00174217, 0.00803856] },
{ lineSearch: 0, alpha: 0.00938559, beta: 1, f_x: 0.0401973, f_y: 0.0409717, wolfe: 0, accept: False },
{ newton: 35, evaluations: 54, f_x: 0.0401973, alpha: 0.00469279 },
{ lagrangianQuery: True, errors: [0.0329495, 0.000779755, 0.00836281] },
{ lineSearch: 0, alpha: 0.00469279, beta: 1, f_x: 0.0401973, f_y: 0.0402196, wolfe: 0, accept: False },
{ newton: 36, evaluations: 55, f_x: 0.0401973, alpha: 0.0023464 },
{ lagrangianQuery: True, errors: [0.0329744, 0.000298546, 0.00845534] },
{ lineSearch: 0, alpha: 0.0023464, beta: 1, f_x: 0.0401973, f_y: 0.0401325, wolfe: 1, accept: True },
{ newton: 37, evaluations: 56, f_x: 0.0401325, alpha: 0.00351959 },
{ lagrangianQuery: True, errors: [0.0329445, 0.000297504, 0.00838738] },
{ lineSearch: 0, alpha: 0.00351959, beta: 1, f_x: 0.0401325, f_y: 0.0399639, wolfe: 1, accept: True },
{ newton: 38, evaluations: 57, f_x: 0.0399639, alpha: 0.00527939 },
{ lagrangianQuery: True, errors: [0.0329078, 0.000295944, 0.0082834] },
{ lineSearch: 0, alpha: 0.00527939, beta: 1, f_x: 0.0399639, f_y: 0.0397179, wolfe: 1, accept: True },
{ newton: 39, evaluations: 58, f_x: 0.0397179, alpha: 0.00791909 },
{ lagrangianQuery: True, errors: [0.0328654, 0.000293613, 0.00814492] },
{ lineSearch: 0, alpha: 0.00791909, beta: 1, f_x: 0.0397179, f_y: 0.0394122, wolfe: 1, accept: True },
{ newton: 40, evaluations: 59, f_x: 0.0394122, alpha: 0.0118786 },
{ lagrangianQuery: True, errors: [0.0328162, 0.000290136, 0.00799192] },
{ lineSearch: 0, alpha: 0.0118786, beta: 1, f_x: 0.0394122, f_y: 0.0391051, wolfe: 1, accept: True },
{ newton: 41, evaluations: 60, f_x: 0.0391051, alpha: 0.0178179 },

] #end of KOMO_run_log
