SKELETON:
  initial (pr2R) from 0 to 2
  initial (pr2L) from 0 to 2
  initial (red) from 0 to 2
  initial (green) from 0 to 2
  initial (blue) from 0 to 2
  initial (cyan) from 0 to 2
  initial (tray) from 0 to 2
  initial (table1) from 0 to 2
  initial (table2) from 0 to 2
  touch (pr2R green) from 1 to 2
  stable (pr2R green) from 1 to 2
  touch (pr2L blue) from 2 to 2
  stable (pr2L blue) from 2 to 2
SWITCHES:
  START  -->  stable (pr2R green) from 1 to 2
  START  -->  stable (pr2L blue) from 2 to 2
KOMO Problem:
  x-dim:71  dual-dim:0
  T:2 k:1 phases:2 stepsPerPhase:1 tau:10
  #configurations:3 q-dims: (0..0)25 (1..1)32 (2..2)39
    times:[10, 20]
  usingSwift:1
    TASK 'QuaternionNorms' ([1, 1])  type:eq  order:0  target:[]  scale:[3]
    TASK 'qItself#46' ([1, 1])  type:sos  order:1  target:[]  scale:[0.316228, 0.316228, 0.316228, 94.8683, 0.00316228, 0.0316228, 0.0316228, 0.0316228, 0.00316228, 0.0316228, 0.0316228, 0.0316228, 0.0316228, 0.0316228, 0.0316228, 0.0316228, 0.0316228, 0.0316228, 0.0316228, 0.0316228, 0.0316228, 0.0316228, 0.0316228, 0.0316228, 0.0316228]
    TASK 'qItself#46' ([1, 1])  type:sos  order:0  target:[]  scale:[0.0316228]
    TASK 'qZeroVel-green' ()  type:eq  order:1  target:[]  scale:[10]
    TASK 'TM_NoJumpToParent-1-green' ([1])  type:eq  order:1  target:[]  scale:[100]
    TASK 'TM_NoJumpToParent-1-blue' ([0, 1])  type:eq  order:1  target:[]  scale:[100]
    TASK 'PairCollision-pr2L-blue' ([0, 1])  type:eq  order:0  target:[]  scale:[100]
    TASK 'ProxyCost' ([1, 1])  type:sos  order:0  target:[]  scale:[10]
    SWITCH  timeOfApplication=0  symbol=joint  jointType=free  fromId=105  toId=165
    SWITCH  timeOfApplication=1  symbol=joint  jointType=free  fromId=106  toId=166
{KOMO_specs:{ x_dim:71, T:2, k_order:1, tau:10, useSwift, X:[
0, 0, 0, 1, 0, 0, 0,
 0, 0, 0, 1, 0, 0, 0,
 -0.0500001, 0, 0.890675, 0.707107, 0, -0.707107, 0,
 -0.0670703, 0, 1.27213, 0.707107, 0, -0.707107, 0,
 0.0489299, 0, 1.11768, -0.707107, 0, 0, -0.707107,
 -0.0500001, -0.188, 0.890675, 0.620545, -0.339005, -0.620545, -0.339005,
 -0.0500001, 0.188, 0.890675, 0.620545, 0.339005, -0.620545, 0.339005,
 0.000929734, 0, 1.27213, -0.693012, -0.14048, -0.14048, -0.693012,
 0.0040302, -0.272147, 0.890675, -0.92972, -0.237396, -0.069654, -0.272787,
 0.0040302, 0.272147, 0.890675, -0.272787, -0.069654, -0.237396, -0.92972,
 0.0040302, -0.272147, 0.890675, 0.803075, -0.303564, 0.413242, -0.303564,
 0.0040302, 0.272147, 0.890675, 0.803075, 0.303564, 0.413242, 0.303564,
 0.193694, -0.567532, 0.698905, 0.488053, -0.616559, -0.0233568, 0.617346,
 0.193694, 0.567532, 0.698905, 0.617346, -0.0233568, -0.616559, 0.488053,
 0.193694, -0.567532, 0.698905, -0.285995, 0.839705, 0.393399, 0.24154,
 0.193694, 0.567532, 0.698905, -0.285995, -0.839705, 0.393399, -0.24154,
 0.377881, -0.399803, 0.901348, -0.145707, 0.937118, -0.297998, -0.108535,
 0.377881, 0.399803, 0.901348, -0.108535, -0.297998, 0.937118, -0.145707,
 0.39889, -0.372037, 0.908767, -0.0418855, -0.890686, -0.431374, -0.137276,
 0.39889, 0.372037, 0.908767, -0.0418855, 0.890686, -0.431374, 0.137276,
 0.451847, -0.318295, 0.926726, -0.297898, -0.742696, -0.24844, 0.54584,
 0.436708, -0.305809, 0.922865, 0.301692, -0.518311, -0.370556, -0.709245,
 0.436708, 0.305809, 0.922865, -0.370556, 0.709245, -0.301692, -0.518311,
 0.451847, 0.318295, 0.926726, 0.24844, 0.54584, -0.297898, 0.742696,
 0.515841, -0.256544, 0.948282, -0.27541, 0.532741, 0.334645, 0.726879,
 0.479436, -0.226517, 0.938997, 0.334645, 0.726879, 0.27541, -0.532741,
 0.479436, 0.226517, 0.938997, -0.27541, -0.532741, 0.334645, -0.726879,
 0.515841, 0.256544, 0.948281, 0.334645, -0.726879, 0.27541, 0.532741,
 0.487006, -0.23276, 0.940927, 0.0674513, -0.934838, 0.324783, -0.126686,
 0.508271, 0.2503, 0.946351, -0.126686, 0.324783, -0.934838, 0.0674513,
 -0.0282159, 0.00517696, 0.272424, 1, 0, 0, 0,
 0, 0, 0, 1, 0, 0, 0,
 -0.29, 0, 0.851, 1, 0, 0, 0,
 0.21838, 0.225407, 0.180919, 1, 0, 0, 0,
 0.224225, 0.270791, 0.0789213, 1, 0, 0, 0,
 0.224225, 0.172791, 0.0789213, 1, 0, 0, 0,
 0.21838, -0.223793, 0.180919, 1, 0, 0, 0,
 0.224225, -0.178409, 0.0789213, 1, 0, 0, 0,
 0.224225, -0.276409, 0.0789213, 1, 0, 0, 0,
 -0.23082, 0.225407, 0.180919, 1, 0, 0, 0,
 -0.224975, 0.270791, 0.0789213, 1, 0, 0, 0,
 -0.224975, 0.172791, 0.0789213, 1, 0, 0, 0,
 -0.23082, -0.223793, 0.180919, 1, 0, 0, 0,
 -0.224975, -0.178409, 0.0789213, 1, 0, 0, 0,
 -0.224975, -0.276409, 0.0789213, 1, 0, 0, 0,
 -0.116563, -0.00108579, 1.01135, -1, 0, 0, -0,
 -0.026643, 0.000777182, 1.26448, -1, 0, 0, -0,
 0.03954, 0.00096181, 1.36052, 0.980067, 0, 0.198669, 0,
 0.0474159, 1.43584e-08, 1.3225, 0.980067, 0, 0.198669, 0,
 0.0474159, 1.43584e-08, 1.3225, 0.980067, 0, 0.198669, 0,
 0.0479407, 8.16945e-09, 1.34942, 0.980067, 0, 0.198669, 0,
 -0.0538428, 0.00394506, 1.57636, 0.980067, 0, 0.198669, 0,
 -0.0208361, 0.0124999, 1.5983, 0.980067, 0, 0.198669, 0,
 -0.0208361, -0.0175001, 1.5983, 0.980067, 0, 0.198669, 0,
 -0.0524158, 0.0124999, 1.56005, 0.980067, 0, 0.198669, 0,
 0.0472586, -0.00300578, 1.12989, 1, 0, -0, 0,
 -0.0448562, -0.191235, 0.722545, -0.877583, 0, 0, 0.479426,
 0.033844, -0.320941, 0.877835, 0.850301, 0.118612, 0.217118, -0.464522,
 0.061539, -0.361528, 0.832555, 0.803075, -0.303564, 0.413242, -0.303564,
 0.144326, -0.497476, 0.743806, 0.803075, -0.303564, 0.413242, -0.303564,
 0.244854, -0.51539, 0.746781, -0.285995, 0.839705, 0.393399, 0.24154,
 0.210596, -0.556788, 0.714328, -0.781635, 0.419457, 0.452489, -0.0914241,
 0.318984, -0.452781, 0.833042, -0.285995, 0.839705, 0.393399, 0.24154,
 0.376423, -0.402433, 0.902914, 0.179776, -0.873359, -0.451926, -0.0262847,
 0.417531, -0.34752, 0.916464, -0.0418855, -0.890686, -0.431374, -0.137276,
 0.451216, -0.303233, 0.927257, -0.0418855, -0.890686, -0.431374, -0.137276,
 0.39889, -0.372037, 0.908767, -0.0418855, -0.890686, -0.431374, -0.137276,
 0.493236, -0.291834, 0.940276, 0.0349722, 0.911133, 0.386319, 0.139198,
 0.45184, -0.257573, 0.929275, -0.868013, 0.0486941, 0.135011, -0.475351,
 0.521172, -0.250676, 0.950242, -0.0418855, -0.890686, -0.431374, -0.137276,
 0.483703, -0.219702, 0.940425, 0.890686, -0.0418855, -0.137276, 0.431374,
 -0.0491989, 0.194023, 0.722545, -0.877583, 0, 0, -0.479426,
 0.0359917, 0.319562, 0.877835, 0.850301, -0.118612, 0.217118, 0.464522,
 0.0614936, 0.361649, 0.832696, 0.803075, 0.303564, 0.413242, 0.303564,
 0.144615, 0.496706, 0.742906, 0.803075, 0.303564, 0.413242, 0.303564,
 0.245654, 0.515918, 0.746491, -0.285995, -0.839705, 0.393399, -0.24154,
 0.210883, 0.556023, 0.713434, -0.781635, -0.419457, 0.452489, 0.0914241,
 0.317879, 0.452053, 0.833444, -0.285995, -0.839705, 0.393399, -0.24154,
 0.376795, 0.402679, 0.902779, 0.179776, 0.873359, -0.451926, 0.0262847,
 0.417092, 0.347158, 0.916352, -0.0418855, 0.890686, -0.431374, 0.137276,
 0.450881, 0.302957, 0.927172, -0.0418855, 0.890686, -0.431374, 0.137276,
 0.39889, 0.372037, 0.908767, -0.0418855, 0.890686, -0.431374, 0.137276,
 0.45172, 0.257591, 0.929687, 0.0486941, -0.868013, 0.475351, -0.135011,
 0.493356, 0.291815, 0.939863, 0.911133, 0.0349722, -0.139198, -0.386319,
 0.483632, 0.219713, 0.940668, -0.0418855, 0.890686, -0.431374, 0.137276,
 0.521242, 0.250665, 0.949999, -0.890686, -0.0418855, 0.137276, 0.431374,
 0, 0, 0.18, 1, 0, 0, 0,
 -0.13, 0, 0.55, 1, 0, 0, 0,
 0.108979, -0.435596, 0.78456, 0.803075, -0.303564, 0.413242, -0.303564,
 0.31419, -0.457802, 0.831344, -0.29955, 0.830764, 0.383179, 0.270698,
 0.469707, -0.278444, 0.933776, -0.0418855, -0.890686, -0.431374, -0.137276,
 0.108979, 0.435596, 0.78456, 0.803075, 0.303564, 0.413242, 0.303564,
 0.31419, 0.457802, 0.831344, -0.29955, -0.830764, 0.383179, -0.270698,
 0.469707, 0.278444, 0.933776, -0.0418855, 0.890686, -0.431374, 0.137276,
 0.508271, 0.2503, 0.946351, 0.0418855, -0.890686, 0.431374, -0.137276,
 0.487006, -0.23276, 0.940927, 0.0418855, 0.890686, 0.431374, 0.137276,
 0.404791, -0.364237, 0.910851, -0.579725, -0.753368, 0.191417, 0.244376,
 0.404791, 0.364237, 0.910851, 0.031525, 0.437371, -0.64258, -0.628336,
 0, 0, 0, 1, 0, 0, 0,
 0.15, 0, 0.890675, 1, 0, -1.11022e-16, 0,
 0.121345, 4.95118e-08, 1.3515, -0.589368, -0.390699, 0.390699, 0.589368,
 0.55, 0, 0.790675, 0.707107, 5.55112e-17, -5.55112e-17, -0.707107,
 0.093713, 3.09449e-08, 1.36318, 0.390699, -0.589368, 0.589368, -0.390699,
 -0.0208361, -0.0175001, 1.5983, 0.589368, 0.390699, -0.390699, -0.589368,
 0.0472586, -0.00300578, 1.12989, 0.5, -0.5, 0.5, -0.5,
 0.505116, -0.231648, 0.94628, 0.140075, -0.319237, -0.708725, 0.613335,
 0.505116, 0.231648, 0.94628, -0.613335, 0.708725, 0.319237, -0.140075,
 0, 0, 0, 1, 0, 0, 0,
 -0.0500001, 0, 0.890675, 0.707107, 0, -0.707107, 0,
 -0.05, 0, 0.790675, 0.707107, 0, -0.707107, 0,
 -0.0670703, 0, 1.27213, 0.707107, 0, -0.707107, 0,
 -0.0670703, 0, 1.27213, 0.707107, 0, -0.707107, 0,
 0.0489299, 0, 1.11768, -0.707107, 0, 0, -0.707107,
 0.0489299, 0, 1.11768, -0.707107, 0, 0, -0.707107,
 -0.0500001, -0.188, 0.890675, 0.620545, -0.339005, -0.620545, -0.339005,
 -0.0500001, -0.188, 0.890675, 0.707107, 0, -0.707107, 0,
 -0.0500001, 0.188, 0.890675, 0.620545, 0.339005, -0.620545, 0.339005,
 -0.0500001, 0.188, 0.890675, 0.707107, 0, -0.707107, 0,
 0.000929734, 0, 1.27213, -0.693012, -0.14048, -0.14048, -0.693012,
 0.000929734, 0, 1.27213, -0.707107, 0, 0, -0.707107,
 0.0040302, -0.272147, 0.890675, -0.92972, -0.237396, -0.069654, -0.272787,
 0.0040302, -0.272147, 0.890675, -0.95955, 0, 2.77556e-17, -0.28154,
 0.0040302, 0.272147, 0.890675, -0.272787, -0.069654, -0.237396, -0.92972,
 0.0040302, 0.272147, 0.890675, -0.28154, -5.55112e-17, 0, -0.95955,
 0.0040302, -0.272147, 0.890675, 0.803075, -0.303564, 0.413242, -0.303564,
 0.0040302, -0.272147, 0.890675, 0.850301, 0.118612, 0.217118, -0.464522,
 0.0040302, 0.272147, 0.890675, 0.803075, 0.303564, 0.413242, 0.303564,
 0.0040302, 0.272147, 0.890675, 0.850301, -0.118612, 0.217118, 0.464522,
 0.193694, -0.567532, 0.698905, 0.488053, -0.616559, -0.0233568, 0.617346,
 0.193694, -0.567532, 0.698905, 0.782512, 0.0775539, 0.506859, 0.353207,
 0.193694, 0.567532, 0.698905, 0.617346, -0.0233568, -0.616559, 0.488053,
 0.193694, 0.567532, 0.698905, 0.353207, 0.506859, 0.0775539, 0.782512,
 0.193694, -0.567532, 0.698905, -0.285995, 0.839705, 0.393399, 0.24154,
 0.193694, -0.567532, 0.698905, -0.781635, 0.419457, 0.452489, -0.0914241,
 0.193694, 0.567532, 0.698905, -0.285995, -0.839705, 0.393399, -0.24154,
 0.193694, 0.567532, 0.698905, -0.781635, -0.419457, 0.452489, 0.0914241,
 0.377881, -0.399803, 0.901348, -0.145707, 0.937118, -0.297998, -0.108535,
 0.377881, -0.399803, 0.901348, -0.373024, 0.871937, -0.315586, -0.0314346,
 0.377881, 0.399803, 0.901348, -0.108535, -0.297998, 0.937118, -0.145707,
 0.377881, 0.399803, 0.901348, -0.0314346, -0.315586, 0.871937, -0.373024,
 0.377881, -0.399803, 0.901348, -0.0418855, -0.890686, -0.431374, -0.137276,
 0.377881, -0.399803, 0.901348, 0.179776, -0.873359, -0.451926, -0.0262847,
 0.377881, 0.399803, 0.901348, -0.0418855, 0.890686, -0.431374, 0.137276,
 0.377881, 0.399803, 0.901348, 0.179776, 0.873359, -0.451926, 0.0262847,
 0.451847, -0.318295, 0.926726, -0.297898, -0.742696, -0.24844, 0.54584,
 0.451847, -0.318295, 0.926726, -0.334645, -0.726879, -0.27541, 0.532741,
 0.436708, -0.305809, 0.922865, 0.301692, -0.518311, -0.370556, -0.709245,
 0.436708, -0.305809, 0.922865, 0.27541, -0.532741, -0.334645, -0.726879,
 0.436708, 0.305809, 0.922865, -0.370556, 0.709245, -0.301692, -0.518311,
 0.436708, 0.305809, 0.922865, -0.334645, 0.726879, -0.27541, -0.532741,
 0.451847, 0.318295, 0.926726, 0.24844, 0.54584, -0.297898, 0.742696,
 0.451847, 0.318295, 0.926726, 0.27541, 0.532741, -0.334645, 0.726879,
 0.515841, -0.256544, 0.948282, -0.27541, 0.532741, 0.334645, 0.726879,
 0.515841, -0.256544, 0.948282, -0.24844, 0.54584, 0.297898, 0.742696,
 0.479436, -0.226517, 0.938997, 0.334645, 0.726879, 0.27541, -0.532741,
 0.479436, -0.226517, 0.938997, 0.370556, 0.709245, 0.301692, -0.518311,
 0.479436, 0.226517, 0.938997, -0.27541, -0.532741, 0.334645, -0.726879,
 0.479436, 0.226517, 0.938997, -0.301692, -0.518311, 0.370556, -0.709245,
 0.515841, 0.256544, 0.948281, 0.334645, -0.726879, 0.27541, 0.532741,
 0.515841, 0.256544, 0.948281, 0.297898, -0.742696, 0.24844, 0.54584,
 0.487006, -0.23276, 0.940927, 0.0674513, -0.934838, 0.324783, -0.126686,
 0.479436, -0.226517, 0.938997, 0.0674513, -0.934838, 0.324783, -0.126686,
 0.508271, 0.2503, 0.946351, -0.126686, 0.324783, -0.934838, 0.0674513,
 0.515841, 0.256544, 0.948281, -0.126686, 0.324783, -0.934838, 0.0674513,
 -0.4, 1, 0.75, 0.707107, 0, 0, 0.707107,
 0.649998, 0.800006, 0.750005, -0.707108, -2.77556e-17, 2.77556e-17, -0.707108,
 -0.15, 1.15, 0.75, 0.707107, 0, 0, 0.707107,
 0.35, 1.2, 0.75, 0.707107, 0, 0, 0.707107,
 0.8, 0, 0.67, 1, 0, 0, 0,
 0.1, 1.1, 0.6, 0.707107, 0, 0, 0.707107,
 0.8, 0, 0.6, 1, 0, 0, 0,
 -0.4, 1, 0.75, 0.707107, 0, 0, 0.707107,
 0.649998, 0.800006, 0.750005, -0.707108, -2.77556e-17, 2.77556e-17, -0.707108,
 -0.15, 1.15, 0.75, 0.707107, 0, 0, 0.707107,
 0.35, 1.2, 0.75, 0.707107, 0, 0, 0.707107,
 0.8, 0, 0.67, 1, 0, 0, 0,
 
0, 0, 0, 1, 0, 0, 0,
 0, 0, 0, 1, 0, 0, 0,
 -0.0500001, 0, 0.890675, 0.707107, 0, -0.707107, 0,
 -0.0670703, 0, 1.27213, 0.707107, 0, -0.707107, 0,
 0.0489299, 0, 1.11768, -0.707107, 0, 0, -0.707107,
 -0.0500001, -0.188, 0.890675, 0.620545, -0.339005, -0.620545, -0.339005,
 -0.0500001, 0.188, 0.890675, 0.620545, 0.339005, -0.620545, 0.339005,
 0.000929734, 0, 1.27213, -0.693012, -0.14048, -0.14048, -0.693012,
 0.0040302, -0.272147, 0.890675, -0.92972, -0.237396, -0.069654, -0.272787,
 0.0040302, 0.272147, 0.890675, -0.272787, -0.069654, -0.237396, -0.92972,
 0.0040302, -0.272147, 0.890675, 0.803075, -0.303564, 0.413242, -0.303564,
 0.0040302, 0.272147, 0.890675, 0.803075, 0.303564, 0.413242, 0.303564,
 0.193694, -0.567532, 0.698905, 0.488053, -0.616559, -0.0233568, 0.617346,
 0.193694, 0.567532, 0.698905, 0.617346, -0.0233568, -0.616559, 0.488053,
 0.193694, -0.567532, 0.698905, -0.285995, 0.839705, 0.393399, 0.24154,
 0.193694, 0.567532, 0.698905, -0.285995, -0.839705, 0.393399, -0.24154,
 0.377881, -0.399803, 0.901348, -0.145707, 0.937118, -0.297998, -0.108535,
 0.377881, 0.399803, 0.901348, -0.108535, -0.297998, 0.937118, -0.145707,
 0.39889, -0.372037, 0.908767, -0.0418855, -0.890686, -0.431374, -0.137276,
 0.39889, 0.372037, 0.908767, -0.0418855, 0.890686, -0.431374, 0.137276,
 0.451847, -0.318295, 0.926726, -0.297898, -0.742696, -0.24844, 0.54584,
 0.436708, -0.305809, 0.922865, 0.301692, -0.518311, -0.370556, -0.709245,
 0.436708, 0.305809, 0.922865, -0.370556, 0.709245, -0.301692, -0.518311,
 0.451847, 0.318295, 0.926726, 0.24844, 0.54584, -0.297898, 0.742696,
 0.515841, -0.256544, 0.948282, -0.27541, 0.532741, 0.334645, 0.726879,
 0.479436, -0.226517, 0.938997, 0.334645, 0.726879, 0.27541, -0.532741,
 0.479436, 0.226517, 0.938997, -0.27541, -0.532741, 0.334645, -0.726879,
 0.515841, 0.256544, 0.948281, 0.334645, -0.726879, 0.27541, 0.532741,
 0.487006, -0.23276, 0.940927, 0.0674513, -0.934838, 0.324783, -0.126686,
 0.508271, 0.2503, 0.946351, -0.126686, 0.324783, -0.934838, 0.0674513,
 -0.0282159, 0.00517696, 0.272424, 1, 0, 0, 0,
 0, 0, 0, 1, 0, 0, 0,
 -0.29, 0, 0.851, 1, 0, 0, 0,
 0.21838, 0.225407, 0.180919, 1, 0, 0, 0,
 0.224225, 0.270791, 0.0789213, 1, 0, 0, 0,
 0.224225, 0.172791, 0.0789213, 1, 0, 0, 0,
 0.21838, -0.223793, 0.180919, 1, 0, 0, 0,
 0.224225, -0.178409, 0.0789213, 1, 0, 0, 0,
 0.224225, -0.276409, 0.0789213, 1, 0, 0, 0,
 -0.23082, 0.225407, 0.180919, 1, 0, 0, 0,
 -0.224975, 0.270791, 0.0789213, 1, 0, 0, 0,
 -0.224975, 0.172791, 0.0789213, 1, 0, 0, 0,
 -0.23082, -0.223793, 0.180919, 1, 0, 0, 0,
 -0.224975, -0.178409, 0.0789213, 1, 0, 0, 0,
 -0.224975, -0.276409, 0.0789213, 1, 0, 0, 0,
 -0.116563, -0.00108579, 1.01135, -1, 0, 0, -0,
 -0.026643, 0.000777182, 1.26448, -1, 0, 0, -0,
 0.03954, 0.00096181, 1.36052, 0.980067, 0, 0.198669, 0,
 0.0474159, 1.43584e-08, 1.3225, 0.980067, 0, 0.198669, 0,
 0.0474159, 1.43584e-08, 1.3225, 0.980067, 0, 0.198669, 0,
 0.0479407, 8.16945e-09, 1.34942, 0.980067, 0, 0.198669, 0,
 -0.0538428, 0.00394506, 1.57636, 0.980067, 0, 0.198669, 0,
 -0.0208361, 0.0124999, 1.5983, 0.980067, 0, 0.198669, 0,
 -0.0208361, -0.0175001, 1.5983, 0.980067, 0, 0.198669, 0,
 -0.0524158, 0.0124999, 1.56005, 0.980067, 0, 0.198669, 0,
 0.0472586, -0.00300578, 1.12989, 1, 0, -0, 0,
 -0.0448562, -0.191235, 0.722545, -0.877583, 0, 0, 0.479426,
 0.033844, -0.320941, 0.877835, 0.850301, 0.118612, 0.217118, -0.464522,
 0.061539, -0.361528, 0.832555, 0.803075, -0.303564, 0.413242, -0.303564,
 0.144326, -0.497476, 0.743806, 0.803075, -0.303564, 0.413242, -0.303564,
 0.244854, -0.51539, 0.746781, -0.285995, 0.839705, 0.393399, 0.24154,
 0.210596, -0.556788, 0.714328, -0.781635, 0.419457, 0.452489, -0.0914241,
 0.318984, -0.452781, 0.833042, -0.285995, 0.839705, 0.393399, 0.24154,
 0.376423, -0.402433, 0.902914, 0.179776, -0.873359, -0.451926, -0.0262847,
 0.417531, -0.34752, 0.916464, -0.0418855, -0.890686, -0.431374, -0.137276,
 0.451216, -0.303233, 0.927257, -0.0418855, -0.890686, -0.431374, -0.137276,
 0.39889, -0.372037, 0.908767, -0.0418855, -0.890686, -0.431374, -0.137276,
 0.493236, -0.291834, 0.940276, 0.0349722, 0.911133, 0.386319, 0.139198,
 0.45184, -0.257573, 0.929275, -0.868013, 0.0486941, 0.135011, -0.475351,
 0.521172, -0.250676, 0.950242, -0.0418855, -0.890686, -0.431374, -0.137276,
 0.483703, -0.219702, 0.940425, 0.890686, -0.0418855, -0.137276, 0.431374,
 -0.0491989, 0.194023, 0.722545, -0.877583, 0, 0, -0.479426,
 0.0359917, 0.319562, 0.877835, 0.850301, -0.118612, 0.217118, 0.464522,
 0.0614936, 0.361649, 0.832696, 0.803075, 0.303564, 0.413242, 0.303564,
 0.144615, 0.496706, 0.742906, 0.803075, 0.303564, 0.413242, 0.303564,
 0.245654, 0.515918, 0.746491, -0.285995, -0.839705, 0.393399, -0.24154,
 0.210883, 0.556023, 0.713434, -0.781635, -0.419457, 0.452489, 0.0914241,
 0.317879, 0.452053, 0.833444, -0.285995, -0.839705, 0.393399, -0.24154,
 0.376795, 0.402679, 0.902779, 0.179776, 0.873359, -0.451926, 0.0262847,
 0.417092, 0.347158, 0.916352, -0.0418855, 0.890686, -0.431374, 0.137276,
 0.450881, 0.302957, 0.927172, -0.0418855, 0.890686, -0.431374, 0.137276,
 0.39889, 0.372037, 0.908767, -0.0418855, 0.890686, -0.431374, 0.137276,
 0.45172, 0.257591, 0.929687, 0.0486941, -0.868013, 0.475351, -0.135011,
 0.493356, 0.291815, 0.939863, 0.911133, 0.0349722, -0.139198, -0.386319,
 0.483632, 0.219713, 0.940668, -0.0418855, 0.890686, -0.431374, 0.137276,
 0.521242, 0.250665, 0.949999, -0.890686, -0.0418855, 0.137276, 0.431374,
 0, 0, 0.18, 1, 0, 0, 0,
 -0.13, 0, 0.55, 1, 0, 0, 0,
 0.108979, -0.435596, 0.78456, 0.803075, -0.303564, 0.413242, -0.303564,
 0.31419, -0.457802, 0.831344, -0.29955, 0.830764, 0.383179, 0.270698,
 0.469707, -0.278444, 0.933776, -0.0418855, -0.890686, -0.431374, -0.137276,
 0.108979, 0.435596, 0.78456, 0.803075, 0.303564, 0.413242, 0.303564,
 0.31419, 0.457802, 0.831344, -0.29955, -0.830764, 0.383179, -0.270698,
 0.469707, 0.278444, 0.933776, -0.0418855, 0.890686, -0.431374, 0.137276,
 0.508271, 0.2503, 0.946351, 0.0418855, -0.890686, 0.431374, -0.137276,
 0.487006, -0.23276, 0.940927, 0.0418855, 0.890686, 0.431374, 0.137276,
 0.404791, -0.364237, 0.910851, -0.579725, -0.753368, 0.191417, 0.244376,
 0.404791, 0.364237, 0.910851, 0.031525, 0.437371, -0.64258, -0.628336,
 0, 0, 0, 1, 0, 0, 0,
 0.15, 0, 0.890675, 1, 0, -1.11022e-16, 0,
 0.121345, 4.95118e-08, 1.3515, -0.589368, -0.390699, 0.390699, 0.589368,
 0.55, 0, 0.790675, 0.707107, 5.55112e-17, -5.55112e-17, -0.707107,
 0.093713, 3.09449e-08, 1.36318, 0.390699, -0.589368, 0.589368, -0.390699,
 -0.0208361, -0.0175001, 1.5983, 0.589368, 0.390699, -0.390699, -0.589368,
 0.0472586, -0.00300578, 1.12989, 0.5, -0.5, 0.5, -0.5,
 0.505116, -0.231648, 0.94628, 0.140075, -0.319237, -0.708725, 0.613335,
 0.505116, 0.231648, 0.94628, -0.613335, 0.708725, 0.319237, -0.140075,
 0, 0, 0, 1, 0, 0, 0,
 -0.0500001, 0, 0.890675, 0.707107, 0, -0.707107, 0,
 -0.05, 0, 0.790675, 0.707107, 0, -0.707107, 0,
 -0.0670703, 0, 1.27213, 0.707107, 0, -0.707107, 0,
 -0.0670703, 0, 1.27213, 0.707107, 0, -0.707107, 0,
 0.0489299, 0, 1.11768, -0.707107, 0, 0, -0.707107,
 0.0489299, 0, 1.11768, -0.707107, 0, 0, -0.707107,
 -0.0500001, -0.188, 0.890675, 0.620545, -0.339005, -0.620545, -0.339005,
 -0.0500001, -0.188, 0.890675, 0.707107, 0, -0.707107, 0,
 -0.0500001, 0.188, 0.890675, 0.620545, 0.339005, -0.620545, 0.339005,
 -0.0500001, 0.188, 0.890675, 0.707107, 0, -0.707107, 0,
 0.000929734, 0, 1.27213, -0.693012, -0.14048, -0.14048, -0.693012,
 0.000929734, 0, 1.27213, -0.707107, 0, 0, -0.707107,
 0.0040302, -0.272147, 0.890675, -0.92972, -0.237396, -0.069654, -0.272787,
 0.0040302, -0.272147, 0.890675, -0.95955, 0, 2.77556e-17, -0.28154,
 0.0040302, 0.272147, 0.890675, -0.272787, -0.069654, -0.237396, -0.92972,
 0.0040302, 0.272147, 0.890675, -0.28154, -5.55112e-17, 0, -0.95955,
 0.0040302, -0.272147, 0.890675, 0.803075, -0.303564, 0.413242, -0.303564,
 0.0040302, -0.272147, 0.890675, 0.850301, 0.118612, 0.217118, -0.464522,
 0.0040302, 0.272147, 0.890675, 0.803075, 0.303564, 0.413242, 0.303564,
 0.0040302, 0.272147, 0.890675, 0.850301, -0.118612, 0.217118, 0.464522,
 0.193694, -0.567532, 0.698905, 0.488053, -0.616559, -0.0233568, 0.617346,
 0.193694, -0.567532, 0.698905, 0.782512, 0.0775539, 0.506859, 0.353207,
 0.193694, 0.567532, 0.698905, 0.617346, -0.0233568, -0.616559, 0.488053,
 0.193694, 0.567532, 0.698905, 0.353207, 0.506859, 0.0775539, 0.782512,
 0.193694, -0.567532, 0.698905, -0.285995, 0.839705, 0.393399, 0.24154,
 0.193694, -0.567532, 0.698905, -0.781635, 0.419457, 0.452489, -0.0914241,
 0.193694, 0.567532, 0.698905, -0.285995, -0.839705, 0.393399, -0.24154,
 0.193694, 0.567532, 0.698905, -0.781635, -0.419457, 0.452489, 0.0914241,
 0.377881, -0.399803, 0.901348, -0.145707, 0.937118, -0.297998, -0.108535,
 0.377881, -0.399803, 0.901348, -0.373024, 0.871937, -0.315586, -0.0314346,
 0.377881, 0.399803, 0.901348, -0.108535, -0.297998, 0.937118, -0.145707,
 0.377881, 0.399803, 0.901348, -0.0314346, -0.315586, 0.871937, -0.373024,
 0.377881, -0.399803, 0.901348, -0.0418855, -0.890686, -0.431374, -0.137276,
 0.377881, -0.399803, 0.901348, 0.179776, -0.873359, -0.451926, -0.0262847,
 0.377881, 0.399803, 0.901348, -0.0418855, 0.890686, -0.431374, 0.137276,
 0.377881, 0.399803, 0.901348, 0.179776, 0.873359, -0.451926, 0.0262847,
 0.451847, -0.318295, 0.926726, -0.297898, -0.742696, -0.24844, 0.54584,
 0.451847, -0.318295, 0.926726, -0.334645, -0.726879, -0.27541, 0.532741,
 0.436708, -0.305809, 0.922865, 0.301692, -0.518311, -0.370556, -0.709245,
 0.436708, -0.305809, 0.922865, 0.27541, -0.532741, -0.334645, -0.726879,
 0.436708, 0.305809, 0.922865, -0.370556, 0.709245, -0.301692, -0.518311,
 0.436708, 0.305809, 0.922865, -0.334645, 0.726879, -0.27541, -0.532741,
 0.451847, 0.318295, 0.926726, 0.24844, 0.54584, -0.297898, 0.742696,
 0.451847, 0.318295, 0.926726, 0.27541, 0.532741, -0.334645, 0.726879,
 0.515841, -0.256544, 0.948282, -0.27541, 0.532741, 0.334645, 0.726879,
 0.515841, -0.256544, 0.948282, -0.24844, 0.54584, 0.297898, 0.742696,
 0.479436, -0.226517, 0.938997, 0.334645, 0.726879, 0.27541, -0.532741,
 0.479436, -0.226517, 0.938997, 0.370556, 0.709245, 0.301692, -0.518311,
 0.479436, 0.226517, 0.938997, -0.27541, -0.532741, 0.334645, -0.726879,
 0.479436, 0.226517, 0.938997, -0.301692, -0.518311, 0.370556, -0.709245,
 0.515841, 0.256544, 0.948281, 0.334645, -0.726879, 0.27541, 0.532741,
 0.515841, 0.256544, 0.948281, 0.297898, -0.742696, 0.24844, 0.54584,
 0.487006, -0.23276, 0.940927, 0.0674513, -0.934838, 0.324783, -0.126686,
 0.479436, -0.226517, 0.938997, 0.0674513, -0.934838, 0.324783, -0.126686,
 0.508271, 0.2503, 0.946351, -0.126686, 0.324783, -0.934838, 0.0674513,
 0.515841, 0.256544, 0.948281, -0.126686, 0.324783, -0.934838, 0.0674513,
 -0.4, 1, 0.75, 0.707107, 0, 0, 0.707107,
 0.649998, 0.800006, 0.750005, -0.707108, -2.77556e-17, 2.77556e-17, -0.707108,
 -0.150005, 1.15001, 0.749998, -0.707108, -8.32667e-17, 2.77556e-17, -0.707108,
 0.35, 1.2, 0.75, 0.707107, 0, 0, 0.707107,
 0.8, 0, 0.67, 1, 0, 0, 0,
 0.1, 1.1, 0.6, 0.707107, 0, 0, 0.707107,
 0.8, 0, 0.6, 1, 0, 0, 0,
 -0.4, 1, 0.75, 0.707107, 0, 0, 0.707107,
 0.649998, 0.800006, 0.750005, -0.707108, -2.77556e-17, 2.77556e-17, -0.707108,
 -0.150005, 1.15001, 0.749998, -0.707108, -8.32667e-17, 2.77556e-17, -0.707108,
 0.35, 1.2, 0.75, 0.707107, 0, 0, 0.707107,
 0.8, 0, 0.67, 1, 0, 0, 0,
 ], x:[[0, 0, 0, 0.1, 0, 0, -1, 1, 0.4, 0.5, 0.5, -1, 1, -2, -2, -1.5, 1.5, -0.5, -0.5, -0.5, 0.5, 0.1, 0.1, 0.01, 0.01, 0.572309, 0.274064, -0.849218, -0.53274, -0.726877, -0.275409, 0.334644], [0, 0, 0, 0.1, 0, 0, -1, 1, 0.4, 0.5, 0.5, -1, 1, -2, -2, -1.5, 1.5, -0.5, -0.5, -0.5, 0.5, 0.1, 0.1, 0.01, 0.01, 0.572309, 0.274064, -0.849218, -0.53274, -0.726877, -0.275409, 0.334644, 0.0395821, -0.0359275, 1.14378, 0.53274, 0.726877, -0.275409, 0.334644]], dual:[] },
QuaternionNorms:{ order:0, type:eq, feature:QuaternionNorms, vars:[1, 1] },
qItself#46:{ order:1, type:sos, feature:"qItself#46", vars:[1, 1] },
qItself#46:{ order:0, type:sos, feature:"qItself#46", vars:[1, 1] },
qZeroVel-green:{ order:1, type:eq, feature:"qZeroVel-green" },
TM_NoJumpToParent-1-green:{ order:1, type:eq, feature:"TM_NoJumpToParent-1-green", vars:[1] },
TM_NoJumpToParent-1-blue:{ order:1, type:eq, feature:"TM_NoJumpToParent-1-blue", vars:[0, 1] },
PairCollision-pr2L-blue:{ order:0, type:eq, feature:"PairCollision-pr2L-blue", vars:[0, 1] },
ProxyCost:{ order:0, type:sos, feature:ProxyCost, vars:[1, 1] }}KOMO_run_log: [
{ lagrangianQuery: True, errors: [0.345605, 0, 81.1476] },
{ lineSearch: 0, alpha: 1, beta: 1, f_x: 9926.47, f_y: 6327.65, wolfe: 1, accept: True },
{ newton: 1, evaluations: 2, f_x: 6327.65, alpha: 1.5 },
{ lagrangianQuery: True, errors: [1.1506, 0, 60.8839] },
{ lineSearch: 0, alpha: 1, beta: 1, f_x: 6327.65, f_y: 3534.31, wolfe: 1, accept: True },
{ newton: 2, evaluations: 3, f_x: 3534.31, alpha: 1.5 },
{ lagrangianQuery: True, errors: [4.37472, 0, 40.7133] },
{ lineSearch: 0, alpha: 1, beta: 1, f_x: 3534.31, f_y: 1555.31, wolfe: 1, accept: True },
{ newton: 3, evaluations: 4, f_x: 1555.31, alpha: 1.5 },
{ lagrangianQuery: True, errors: [17.1679, 0, 22.428] },
{ lineSearch: 0, alpha: 1, beta: 1, f_x: 1555.31, f_y: 467.838, wolfe: 1, accept: True },
{ newton: 4, evaluations: 5, f_x: 467.838, alpha: 1.5 },
{ lagrangianQuery: True, errors: [2.65305, 0, 25.3518] },
{ lineSearch: 0, alpha: 1, beta: 1, f_x: 467.838, f_y: 569.278, wolfe: 0, accept: False },
{ lagrangianQuery: True, errors: [14.2635, 0, 20.1408] },
{ lineSearch: 1, alpha: 0.5, beta: 1, f_x: 467.838, f_y: 385.615, wolfe: 1, accept: True },
{ newton: 5, evaluations: 7, f_x: 385.615, alpha: 0.75 },
{ lagrangianQuery: True, errors: [5.42712, 0, 16.7541] },
{ lineSearch: 0, alpha: 0.75, beta: 1, f_x: 385.615, f_y: 261.936, wolfe: 1, accept: True },
{ newton: 6, evaluations: 8, f_x: 261.936, alpha: 1.125 },
{ lagrangianQuery: True, errors: [1.88009, 0, 10.7323] },
{ lineSearch: 0, alpha: 1, beta: 1, f_x: 261.936, f_y: 106.712, wolfe: 1, accept: True },
{ newton: 7, evaluations: 9, f_x: 106.712, alpha: 1.5 },
{ lagrangianQuery: True, errors: [3.06882, 0, 0.259253] },
{ lineSearch: 0, alpha: 1, beta: 1, f_x: 106.712, f_y: 3.08598, wolfe: 1, accept: True },
{ newton: 8, evaluations: 10, f_x: 3.08598, alpha: 1.5 },
{ lagrangianQuery: True, errors: [0.0101962, 0, 9.31363] },
{ lineSearch: 0, alpha: 1, beta: 1, f_x: 3.08598, f_y: 77.1262, wolfe: 0, accept: False },
{ lagrangianQuery: True, errors: [0.403263, 0, 2.86542] },
{ lineSearch: 1, alpha: 0.5, beta: 1, f_x: 3.08598, f_y: 8.0003, wolfe: 0, accept: False },
{ lagrangianQuery: True, errors: [1.30128, 0, 0.571059] },
{ lineSearch: 2, alpha: 0.25, beta: 1, f_x: 3.08598, f_y: 1.48388, wolfe: 1, accept: True },
{ newton: 9, evaluations: 13, f_x: 1.48388, alpha: 0.375 },
{ lagrangianQuery: True, errors: [0.499379, 0, 0.456332] },
{ lineSearch: 0, alpha: 0.375, beta: 1, f_x: 1.48388, f_y: 0.635711, wolfe: 1, accept: True },
{ newton: 10, evaluations: 14, f_x: 0.635711, alpha: 0.5625 },
{ lagrangianQuery: True, errors: [0.111022, 0, 0.873485] },
{ lineSearch: 0, alpha: 0.5625, beta: 1, f_x: 0.635711, f_y: 0.799406, wolfe: 0, accept: False },
{ lagrangianQuery: True, errors: [0.264343, 0, 0.50386] },
{ lineSearch: 1, alpha: 0.28125, beta: 1, f_x: 0.635711, f_y: 0.457201, wolfe: 1, accept: True },
{ newton: 11, evaluations: 16, f_x: 0.457201, alpha: 0.421875 },
{ lagrangianQuery: True, errors: [0.123534, 0, 0.420452] },
{ lineSearch: 0, alpha: 0.421875, beta: 1, f_x: 0.457201, f_y: 0.270505, wolfe: 1, accept: True },
{ newton: 12, evaluations: 17, f_x: 0.270505, alpha: 0.632812 },
{ lagrangianQuery: True, errors: [0.0776791, 0, 0.729233] },
{ lineSearch: 0, alpha: 0.632812, beta: 1, f_x: 0.270505, f_y: 0.589037, wolfe: 0, accept: False },
{ lagrangianQuery: True, errors: [0.075841, 0, 0.43556] },
{ lineSearch: 1, alpha: 0.316406, beta: 1, f_x: 0.270505, f_y: 0.243873, wolfe: 1, accept: True },
{ newton: 13, evaluations: 19, f_x: 0.243873, alpha: 0.474609 },
{ lagrangianQuery: True, errors: [0.105041, 0, 0.408486] },
{ lineSearch: 0, alpha: 0.474609, beta: 1, f_x: 0.243873, f_y: 0.261276, wolfe: 0, accept: False },
{ lagrangianQuery: True, errors: [0.0879567, 0, 0.376466] },
{ lineSearch: 1, alpha: 0.237305, beta: 1, f_x: 0.243873, f_y: 0.215599, wolfe: 1, accept: True },
{ newton: 14, evaluations: 21, f_x: 0.215599, alpha: 0.355957 },
{ lagrangianQuery: True, errors: [0.0637902, 0, 0.469775] },
{ lineSearch: 0, alpha: 0.355957, beta: 1, f_x: 0.215599, f_y: 0.272527, wolfe: 0, accept: False },
{ lagrangianQuery: True, errors: [0.0742429, 0, 0.366943] },
{ lineSearch: 1, alpha: 0.177979, beta: 1, f_x: 0.215599, f_y: 0.197305, wolfe: 1, accept: True },
{ newton: 15, evaluations: 23, f_x: 0.197305, alpha: 0.266968 },
{ lagrangianQuery: True, errors: [0.0685009, 0, 0.595218] },
{ lineSearch: 0, alpha: 0.266968, beta: 1, f_x: 0.197305, f_y: 0.408377, wolfe: 0, accept: False },
{ lagrangianQuery: True, errors: [0.0622125, 0, 0.414118] },
{ lineSearch: 1, alpha: 0.133484, beta: 1, f_x: 0.197305, f_y: 0.221919, wolfe: 0, accept: False },
{ lagrangianQuery: True, errors: [0.0650653, 0, 0.366827] },
{ lineSearch: 2, alpha: 0.0667419, beta: 1, f_x: 0.197305, f_y: 0.188578, wolfe: 1, accept: True },
{ newton: 16, evaluations: 26, f_x: 0.188578, alpha: 0.100113 },
{ lagrangianQuery: True, errors: [0.0682998, 0, 0.376684] },
{ lineSearch: 0, alpha: 0.100113, beta: 1, f_x: 0.188578, f_y: 0.199525, wolfe: 0, accept: False },
{ lagrangianQuery: True, errors: [0.0633475, 0, 0.360466] },
{ lineSearch: 1, alpha: 0.0500565, beta: 1, f_x: 0.188578, f_y: 0.182722, wolfe: 1, accept: True },
{ newton: 17, evaluations: 28, f_x: 0.182722, alpha: 0.0750847 },
{ lagrangianQuery: True, errors: [0.0633475, 0, 0.360466] },
{ optConstraint: 1, mu: 5, nu: 5, L_x_beforeUpdate: 0.182722, L_x_afterUpdate: 0.898968, errors: [0.0633475, 0, 0.360466], lambda: [3.61734e-06, 0, 0, 0, 0, 0, 0, 0, 0, 0, 0, 0, 0, 0, 0, 0, 0, 0, 0, 0, 0, 0, 0, 0, 0, 0, 0, 0, 0, 0, 0, 0, 0, 0, 0, 0, 0, 0, 0, 0, 0, 0, 0, 0, 0, 0, 0, 0, 0, 0, 0, 2.56264e-05, 1.87132e-05, -6.7437e-07, 3.71339e-05, -5.86137e-06, 2.85622e-06, -9.82978e-06, 0, 2.12846e-05, 0.00386038, 0, 0, 0, 0, 0, 0, 0, 0, 0, 0, 0, 0, 0, 0, 0, 0, 0, 0, 0, 0, 0, 0, 0, 0, 0, 0, 0, 0, 0, 0, 0, 0, 0, 0, 0, 0, 0, 0, 0, 0, 0, 0, 0, 0, 0, 0, 0, 0, 0, 0, 0.000669367, -0.00296276, 0.0174539, 3.69149e-05, 0.00144569, 0.00208245, -0.00152776, -0.690768, 0] },
{ lagrangianQuery: True, errors: [0.0618402, 0, 0.332682] },
{ lineSearch: 0, alpha: 0.0750847, beta: 1, f_x: 0.898968, f_y: 0.79139, wolfe: 1, accept: True },
{ newton: 18, evaluations: 29, f_x: 0.79139, alpha: 0.112627 },
{ lagrangianQuery: True, errors: [0.0683047, 0, 0.34016] },
{ lineSearch: 0, alpha: 0.112627, beta: 1, f_x: 0.79139, f_y: 0.835024, wolfe: 0, accept: False },
{ lagrangianQuery: True, errors: [0.0614423, 0, 0.325183] },
{ lineSearch: 1, alpha: 0.0563135, beta: 1, f_x: 0.79139, f_y: 0.765634, wolfe: 1, accept: True },
{ newton: 19, evaluations: 31, f_x: 0.765634, alpha: 0.0844703 },
{ lagrangianQuery: True, errors: [0.0582777, 0, 0.297464] },
{ lineSearch: 0, alpha: 0.0844703, beta: 1, f_x: 0.765634, f_y: 0.665284, wolfe: 1, accept: True },
{ newton: 20, evaluations: 32, f_x: 0.665284, alpha: 0.126705 },
{ lagrangianQuery: True, errors: [0.0677257, 0, 0.297296] },
{ lineSearch: 0, alpha: 0.126705, beta: 1, f_x: 0.665284, f_y: 0.681285, wolfe: 0, accept: False },
{ lagrangianQuery: True, errors: [0.0597786, 0, 0.290895] },
{ lineSearch: 1, alpha: 0.0633527, beta: 1, f_x: 0.665284, f_y: 0.646793, wolfe: 1, accept: True },
{ newton: 21, evaluations: 34, f_x: 0.646793, alpha: 0.0950291 },
{ lagrangianQuery: True, errors: [0.0544879, 0, 0.260207] },
{ lineSearch: 0, alpha: 0.0950291, beta: 1, f_x: 0.646793, f_y: 0.543091, wolfe: 1, accept: True },
{ newton: 22, evaluations: 35, f_x: 0.543091, alpha: 0.142544 },
{ lagrangianQuery: True, errors: [0.066992, 0, 0.245783] },
{ lineSearch: 0, alpha: 0.142544, beta: 1, f_x: 0.543091, f_y: 0.515323, wolfe: 1, accept: True },
{ newton: 23, evaluations: 36, f_x: 0.515323, alpha: 0.213815 },
{ lagrangianQuery: True, errors: [0.0470147, 0, 0.178663] },
{ lineSearch: 0, alpha: 0.213815, beta: 1, f_x: 0.515323, f_y: 0.315601, wolfe: 1, accept: True },
{ newton: 24, evaluations: 37, f_x: 0.315601, alpha: 0.320723 },
{ lagrangianQuery: True, errors: [0.0760628, 0, 0.116632] },
{ lineSearch: 0, alpha: 0.320723, beta: 1, f_x: 0.315601, f_y: 0.211389, wolfe: 1, accept: True },
{ newton: 25, evaluations: 38, f_x: 0.211389, alpha: 0.481085 },
{ lagrangianQuery: True, errors: [0.0319066, 0, 0.067603] },
{ lineSearch: 0, alpha: 0.481085, beta: 1, f_x: 0.211389, f_y: 0.0945177, wolfe: 1, accept: True },
{ newton: 26, evaluations: 39, f_x: 0.0945177, alpha: 0.721627 },
{ lagrangianQuery: True, errors: [0.0614139, 0, 0.0721207] },
{ lineSearch: 0, alpha: 0.721627, beta: 1, f_x: 0.0945177, f_y: 0.114217, wolfe: 0, accept: False },
{ lagrangianQuery: True, errors: [0.0390031, 0, 0.0356016] },
{ lineSearch: 1, alpha: 0.360813, beta: 1, f_x: 0.0945177, f_y: 0.0631741, wolfe: 1, accept: True },
{ newton: 27, evaluations: 41, f_x: 0.0631741, alpha: 0.54122 },
{ lagrangianQuery: True, errors: [0.0193299, 0, 0.0200658] },
{ lineSearch: 0, alpha: 0.54122, beta: 1, f_x: 0.0631741, f_y: 0.0312757, wolfe: 1, accept: True },
{ newton: 28, evaluations: 42, f_x: 0.0312757, alpha: 0.81183 },
{ lagrangianQuery: True, errors: [0.033993, 0, 0.0335892] },
{ lineSearch: 0, alpha: 0.81183, beta: 1, f_x: 0.0312757, f_y: 0.0499037, wolfe: 0, accept: False },
{ lagrangianQuery: True, errors: [0.0200113, 0, 0.0132009] },
{ lineSearch: 1, alpha: 0.405915, beta: 1, f_x: 0.0312757, f_y: 0.0154734, wolfe: 1, accept: True },
{ newton: 29, evaluations: 44, f_x: 0.0154734, alpha: 0.608873 },
{ lagrangianQuery: True, errors: [0.0109222, 0, 0.0162679] },
{ lineSearch: 0, alpha: 0.608873, beta: 1, f_x: 0.0154734, f_y: 0.00322739, wolfe: 1, accept: True },
{ newton: 30, evaluations: 45, f_x: 0.00322739, alpha: 0.913309 },
{ lagrangianQuery: True, errors: [0.0193967, 0, 0.0166869] },
{ lineSearch: 0, alpha: 0.913309, beta: 1, f_x: 0.00322739, f_y: 0.0249657, wolfe: 0, accept: False },
{ lagrangianQuery: True, errors: [0.0105213, 0, 0.0268349] },
{ lineSearch: 1, alpha: 0.456655, beta: 1, f_x: 0.00322739, f_y: -0.00228633, wolfe: 1, accept: True },
{ newton: 31, evaluations: 47, f_x: -0.00228633, alpha: 0.684982 },
{ lagrangianQuery: True, errors: [0.0105213, 0, 0.0268349] },
{ optConstraint: 2, mu: 25, nu: 25, L_x_beforeUpdate: -0.00228633, L_x_afterUpdate: 0.0125692, errors: [0.0105213, 0, 0.0268349], lambda: [3.85237e-07, 0, 0, 0, 0, 0, 0, 0, 0, 0, 0, 0, 0, 0, 0, 0, 0, 0, 0, 0, 0, 0, 0, 0, 0, 0, 0, 0, 0, 0, 0, 0, 0, 0, 0, 0, 0, 0, 0, 0, 0, 0, 0, 0, 0, 0, 0, 0, 0, 0, 0, 3.37962e-05, 1.93696e-05, 3.02181e-06, 0.000222803, -5.52813e-06, 1.9378e-06, -9.05068e-06, 0, 7.76028e-07, 0.00307454, 0, 0, 0, 0, 0, 0, 0, 0, 0, 0, 0, 0, 0, 0, 0, 0, 0, 0, 0, 0, 0, 0, 0, 0, 0, 0, 0, 0, 0, 0, 0, 0, 0, 0, 0, 0, 0, 0, 0, 0, 0, 0, 0, 0, 0, 0, 0, 0, 0, 0, 0.00243278, 0.0207413, 0.00538497, 0.000222372, 0.00207969, 9.49797e-05, 0.00464131, -0.46994, 0] },
{ lagrangianQuery: True, errors: [0.00559834, 0, 0.00813978] },
{ lineSearch: 0, alpha: 0.684982, beta: 1, f_x: 0.0125692, f_y: 0.00998067, wolfe: 1, accept: True },
{ newton: 32, evaluations: 48, f_x: 0.00998067, alpha: 1.02747 },
{ lagrangianQuery: True, errors: [0.0098254, 0, 0.0548054] },
{ lineSearch: 0, alpha: 1, beta: 1, f_x: 0.00998067, f_y: 0.101598, wolfe: 0, accept: False },
{ lagrangianQuery: True, errors: [0.00529543, 0, 0.0185438] },
{ lineSearch: 1, alpha: 0.5, beta: 1, f_x: 0.00998067, f_y: 0.0209793, wolfe: 0, accept: False },
{ lagrangianQuery: True, errors: [0.00397071, 0, 0.00478389] },
{ lineSearch: 2, alpha: 0.25, beta: 1, f_x: 0.00998067, f_y: 0.00607566, wolfe: 1, accept: True },
{ newton: 33, evaluations: 51, f_x: 0.00607566, alpha: 0.375 },
{ lagrangianQuery: True, errors: [0.00591122, 0, 0.0121613] },
{ lineSearch: 0, alpha: 0.375, beta: 1, f_x: 0.00607566, f_y: 0.0145298, wolfe: 0, accept: False },
{ lagrangianQuery: True, errors: [0.00465655, 0, 0.00690357] },
{ lineSearch: 1, alpha: 0.1875, beta: 1, f_x: 0.00607566, f_y: 0.0084211, wolfe: 0, accept: False },
{ lagrangianQuery: True, errors: [0.00409753, 0, 0.00470508] },
{ lineSearch: 2, alpha: 0.09375, beta: 1, f_x: 0.00607566, f_y: 0.00622675, wolfe: 0, accept: False },
{ newton: 34, evaluations: 54, f_x: 0.00607566, alpha: 0.046875 },
{ lagrangianQuery: True, errors: [0.0038361, 0, 0.00442349] },
{ lineSearch: 0, alpha: 0.046875, beta: 1, f_x: 0.00607566, f_y: 0.00574717, wolfe: 1, accept: True },
{ newton: 35, evaluations: 55, f_x: 0.00574717, alpha: 0.0703125 },
{ lagrangianQuery: True, errors: [0.00384046, 0, 0.00358991] },
{ lineSearch: 0, alpha: 0.0703125, beta: 1, f_x: 0.00574717, f_y: 0.00528823, wolfe: 1, accept: True },
{ newton: 36, evaluations: 56, f_x: 0.00528823, alpha: 0.105469 },

] #end of KOMO_run_log
