env 005:   010  012  017  020  030  039  048  053  055  058  063  068   02   07   12   15  
env 007:   010  012  018  020  030  039  048  053  056  058  060  063  068   02   07   13   15  
env 009:   010  013  017  020  030  039  048  053  058  060  063  068   02   08   12   15  
env 011:   010  020  023  028  030  039  048  053  058  061  063  068   03   08   13   15  
env 015:   010  012  018  020  030  039  048  053  056  058  060  063  068   02   07   13   15  
env 017:   010  013  017  020  030  039  048  053  058  060  063  068   02   08   12   15  
env 021:   010  020  023  027  030  039  048  053  058  060  063  068   03   08   12   15  
env 023:   010  020  022  027  030  039  048  053  055  058  063  068   03   07   12   15  
env 026:   010  013  018  020  030  039  048  053  058  061  063  068   02   08   13   15  
env 030:   010  012  017  020  030  039  048  053  055  058  063  068   02   07   12   15  
env 031:   010  012  017  020  030  039  048  053  055  058  063  068   02   07   12   15  
env 036:   010  012  017  020  030  039  048  053  055  058  063  068   02   07   12   15  
env 037:   010  012  018  020  030  039  048  053  056  058  060  063  068   02   07   13   15  
env 041:   010  012  018  020  030  039  048  053  056  058  060  063  068   02   07   13   15  
env 045:   010  012  018  020  030  039  048  053  056  058  060  063  068   02   07   13   15  
env 047:   010  013  018  020  030  039  048  053  058  061  063  068   02   08   13   15  
env 052:   010  013  018  020  030  039  048  053  058  061  063  068   02   08   13   15  
env 053:   010  013  018  020  030  039  048  053  058  061  063  068   02   08   13   15  
env 055:   010  013  017  020  030  039  048  053  058  060  063  068   02   08   12   15  
env 061:   010  013  017  020  030  039  048  053  058  060  063  068   02   08   12   15  
env 062:   010  013  017  020  030  039  048  053  058  060  063  068   02   08   12   15  
env 067:   010  020  023  027  030  039  048  053  058  060  063  068   03   08   12   15  
env 069:   010  020  023  027  030  039  048  053  058  060  063  068   03   08   12   15  
env 070:   010  020  023  027  030  039  048  053  058  060  063  068   03   08   12   15  
env 074:   010  020  022  027  030  039  048  053  055  058  063  068   03   07   12   15  
env 076:   010  020  022  027  030  039  048  053  055  058  063  068   03   07   12   15  
env 079:   010  020  022  027  030  039  048  053  055  058  063  068   03   07   12   15  
env 085:   010  020  022  028  030  039  048  053  056  058  060  063  068   03   07   13   15  
env 086:   010  020  022  028  030  039  048  053  056  058  060  063  068   03   07   13   15  
env 087:   010  020  022  028  030  039  048  053  056  058  060  063  068   03   07   13   15  
env 092:   010  020  023  028  030  039  048  053  058  061  063  068   03   08   13   15  
env 098:   010  020  023  028  030  039  048  053  058  061  063  068   03   08   13   15  
env 099:   010  020  023  028  030  039  048  053  058  061  063  068   03   08   13   15  
env 006:   010  013  018  020  030  039  048  053  058  061  063  068   02   08   13   15  
env 014:   010  013  018  020  030  039  048  053  058  061  063  068   02   08   13   15  
env 027:   010  012  017  020  030  039  048  053  055  058  063  068   02   07   12   15  
env 028:   010  012  017  020  030  039  048  053  055  058  063  068   02   07   12   15  
env 044:   010  012  018  020  030  039  048  053  056  058  060  063  068   02   07   13   15  
env 049:   010  013  018  020  030  039  048  053  058  061  063  068   02   08   13   15  
env 060:   010  013  017  020  030  039  048  053  058  060  063  068   02   08   12   15  
env 071:   010  020  023  027  030  039  048  053  058  060  063  068   03   08   12   15  
env 077:   010  020  022  027  030  039  048  053  055  058  063  068   03   07   12   15  
env 084:   010  020  022  028  030  039  048  053  056  058  060  063  068   03   07   13   15  
env 095:   010  020  023  028  030  039  048  053  058  061  063  068   03   08   13   15  
