SKELETON:
  initial (pr2R) from 0 to 2
  initial (pr2L) from 0 to 2
  initial (red) from 0 to 2
  initial (green) from 0 to 2
  initial (blue) from 0 to 2
  initial (table1) from 0 to 2
  initial (table2) from 0 to 2
  touch (pr2R red) from 1 to 1
  stable (pr2R red) from 1 to 1
  above (red green) from 2 to 2
  stableOn (green red) from 2 to 2
  touch (pr2R red) from 2 to 2
  touch (red green) from 2 to 2
SWITCHES:
  START  -->  stable (pr2R red) from 1 to 1
  stable (pr2R red) from 1 to 1  -->  stableOn (green red) from 2 to 2
KOMO Problem:
  x-dim:60  dual-dim:0
  T:2 k:1 phases:2 stepsPerPhase:1 tau:10
  #configurations:3 q-dims: (0..0)25 (1..1)32 (2..2)28
    times:[10, 20]
  usingSwift:1
    TASK 'QuaternionNorms' ([1, 1])  type:eq  order:0  target:[]  scale:[3]
    TASK 'qItself#46' ([1, 1])  type:sos  order:1  target:[]  scale:[0.316228, 0.316228, 0.316228, 94.8683, 0.00316228, 0.0316228, 0.0316228, 0.0316228, 0.00316228, 0.0316228, 0.0316228, 0.0316228, 0.0316228, 0.0316228, 0.0316228, 0.0316228, 0.0316228, 0.0316228, 0.0316228, 0.0316228, 0.0316228, 0.0316228, 0.0316228, 0.0316228, 0.0316228]
    TASK 'qItself#46' ([1, 1])  type:sos  order:0  target:[]  scale:[0.0316228]
    TASK 'TM_NoJumpToParent-1-red' ([1])  type:eq  order:1  target:[]  scale:[100]
    TASK 'TM_NoJumpToParent-1-red' ([0, 1])  type:eq  order:1  target:[]  scale:[100]
    TASK 'AboveBox:red:green' ([0, 1])  type:ineq  order:0  target:[]  scale:[10]
    TASK 'PairCollision-pr2R-red' ([0, 1])  type:eq  order:0  target:[]  scale:[100]
    TASK 'PairCollision-red-green' ([0, 1])  type:eq  order:0  target:[]  scale:[100]
    TASK 'ProxyCost' ([1, 1])  type:sos  order:0  target:[]  scale:[10]
    SWITCH  timeOfApplication=0  symbol=joint  jointType=free  fromId=105  toId=164
    SWITCH  timeOfApplication=1  symbol=joint  jointType=transXYPhi  fromId=165  toId=164
{KOMO_specs:{ x_dim:60, T:2, k_order:1, tau:10, useSwift, X:[
0, 0, 0, 1, 0, 0, 0,
 0, 0, 0, 1, 0, 0, 0,
 -0.0500001, 0, 0.890675, 0.707107, 0, -0.707107, 0,
 -0.0670703, 0, 1.27213, 0.707107, 0, -0.707107, 0,
 0.0489299, 0, 1.11768, -0.707107, 0, 0, -0.707107,
 -0.0500001, -0.188, 0.890675, 0.620545, -0.339005, -0.620545, -0.339005,
 -0.0500001, 0.188, 0.890675, 0.620545, 0.339005, -0.620545, 0.339005,
 0.000929734, 0, 1.27213, -0.693012, -0.14048, -0.14048, -0.693012,
 0.0040302, -0.272147, 0.890675, -0.92972, -0.237396, -0.069654, -0.272787,
 0.0040302, 0.272147, 0.890675, -0.272787, -0.069654, -0.237396, -0.92972,
 0.0040302, -0.272147, 0.890675, 0.803075, -0.303564, 0.413242, -0.303564,
 0.0040302, 0.272147, 0.890675, 0.803075, 0.303564, 0.413242, 0.303564,
 0.193694, -0.567532, 0.698905, 0.488053, -0.616559, -0.0233568, 0.617346,
 0.193694, 0.567532, 0.698905, 0.617346, -0.0233568, -0.616559, 0.488053,
 0.193694, -0.567532, 0.698905, -0.285995, 0.839705, 0.393399, 0.24154,
 0.193694, 0.567532, 0.698905, -0.285995, -0.839705, 0.393399, -0.24154,
 0.377881, -0.399803, 0.901348, -0.145707, 0.937118, -0.297998, -0.108535,
 0.377881, 0.399803, 0.901348, -0.108535, -0.297998, 0.937118, -0.145707,
 0.39889, -0.372037, 0.908767, -0.0418855, -0.890686, -0.431374, -0.137276,
 0.39889, 0.372037, 0.908767, -0.0418855, 0.890686, -0.431374, 0.137276,
 0.451847, -0.318295, 0.926726, -0.297898, -0.742696, -0.24844, 0.54584,
 0.436708, -0.305809, 0.922865, 0.301692, -0.518311, -0.370556, -0.709245,
 0.436708, 0.305809, 0.922865, -0.370556, 0.709245, -0.301692, -0.518311,
 0.451847, 0.318295, 0.926726, 0.24844, 0.54584, -0.297898, 0.742696,
 0.515841, -0.256544, 0.948282, -0.27541, 0.532741, 0.334645, 0.726879,
 0.479436, -0.226517, 0.938997, 0.334645, 0.726879, 0.27541, -0.532741,
 0.479436, 0.226517, 0.938997, -0.27541, -0.532741, 0.334645, -0.726879,
 0.515841, 0.256544, 0.948281, 0.334645, -0.726879, 0.27541, 0.532741,
 0.487006, -0.23276, 0.940927, 0.0674513, -0.934838, 0.324783, -0.126686,
 0.508271, 0.2503, 0.946351, -0.126686, 0.324783, -0.934838, 0.0674513,
 -0.0282159, 0.00517696, 0.272424, 1, 0, 0, 0,
 0, 0, 0, 1, 0, 0, 0,
 -0.29, 0, 0.851, 1, 0, 0, 0,
 0.21838, 0.225407, 0.180919, 1, 0, 0, 0,
 0.224225, 0.270791, 0.0789213, 1, 0, 0, 0,
 0.224225, 0.172791, 0.0789213, 1, 0, 0, 0,
 0.21838, -0.223793, 0.180919, 1, 0, 0, 0,
 0.224225, -0.178409, 0.0789213, 1, 0, 0, 0,
 0.224225, -0.276409, 0.0789213, 1, 0, 0, 0,
 -0.23082, 0.225407, 0.180919, 1, 0, 0, 0,
 -0.224975, 0.270791, 0.0789213, 1, 0, 0, 0,
 -0.224975, 0.172791, 0.0789213, 1, 0, 0, 0,
 -0.23082, -0.223793, 0.180919, 1, 0, 0, 0,
 -0.224975, -0.178409, 0.0789213, 1, 0, 0, 0,
 -0.224975, -0.276409, 0.0789213, 1, 0, 0, 0,
 -0.116563, -0.00108579, 1.01135, -1, 0, 0, -0,
 -0.026643, 0.000777182, 1.26448, -1, 0, 0, -0,
 0.03954, 0.00096181, 1.36052, 0.980067, 0, 0.198669, 0,
 0.0474159, 1.43584e-08, 1.3225, 0.980067, 0, 0.198669, 0,
 0.0474159, 1.43584e-08, 1.3225, 0.980067, 0, 0.198669, 0,
 0.0479407, 8.16945e-09, 1.34942, 0.980067, 0, 0.198669, 0,
 -0.0538428, 0.00394506, 1.57636, 0.980067, 0, 0.198669, 0,
 -0.0208361, 0.0124999, 1.5983, 0.980067, 0, 0.198669, 0,
 -0.0208361, -0.0175001, 1.5983, 0.980067, 0, 0.198669, 0,
 -0.0524158, 0.0124999, 1.56005, 0.980067, 0, 0.198669, 0,
 0.0472586, -0.00300578, 1.12989, 1, 0, -0, 0,
 -0.0448562, -0.191235, 0.722545, -0.877583, 0, 0, 0.479426,
 0.033844, -0.320941, 0.877835, 0.850301, 0.118612, 0.217118, -0.464522,
 0.061539, -0.361528, 0.832555, 0.803075, -0.303564, 0.413242, -0.303564,
 0.144326, -0.497476, 0.743806, 0.803075, -0.303564, 0.413242, -0.303564,
 0.244854, -0.51539, 0.746781, -0.285995, 0.839705, 0.393399, 0.24154,
 0.210596, -0.556788, 0.714328, -0.781635, 0.419457, 0.452489, -0.0914241,
 0.318984, -0.452781, 0.833042, -0.285995, 0.839705, 0.393399, 0.24154,
 0.376423, -0.402433, 0.902914, 0.179776, -0.873359, -0.451926, -0.0262847,
 0.417531, -0.34752, 0.916464, -0.0418855, -0.890686, -0.431374, -0.137276,
 0.451216, -0.303233, 0.927257, -0.0418855, -0.890686, -0.431374, -0.137276,
 0.39889, -0.372037, 0.908767, -0.0418855, -0.890686, -0.431374, -0.137276,
 0.493236, -0.291834, 0.940276, 0.0349722, 0.911133, 0.386319, 0.139198,
 0.45184, -0.257573, 0.929275, -0.868013, 0.0486941, 0.135011, -0.475351,
 0.521172, -0.250676, 0.950242, -0.0418855, -0.890686, -0.431374, -0.137276,
 0.483703, -0.219702, 0.940425, 0.890686, -0.0418855, -0.137276, 0.431374,
 -0.0491989, 0.194023, 0.722545, -0.877583, 0, 0, -0.479426,
 0.0359917, 0.319562, 0.877835, 0.850301, -0.118612, 0.217118, 0.464522,
 0.0614936, 0.361649, 0.832696, 0.803075, 0.303564, 0.413242, 0.303564,
 0.144615, 0.496706, 0.742906, 0.803075, 0.303564, 0.413242, 0.303564,
 0.245654, 0.515918, 0.746491, -0.285995, -0.839705, 0.393399, -0.24154,
 0.210883, 0.556023, 0.713434, -0.781635, -0.419457, 0.452489, 0.0914241,
 0.317879, 0.452053, 0.833444, -0.285995, -0.839705, 0.393399, -0.24154,
 0.376795, 0.402679, 0.902779, 0.179776, 0.873359, -0.451926, 0.0262847,
 0.417092, 0.347158, 0.916352, -0.0418855, 0.890686, -0.431374, 0.137276,
 0.450881, 0.302957, 0.927172, -0.0418855, 0.890686, -0.431374, 0.137276,
 0.39889, 0.372037, 0.908767, -0.0418855, 0.890686, -0.431374, 0.137276,
 0.45172, 0.257591, 0.929687, 0.0486941, -0.868013, 0.475351, -0.135011,
 0.493356, 0.291815, 0.939863, 0.911133, 0.0349722, -0.139198, -0.386319,
 0.483632, 0.219713, 0.940668, -0.0418855, 0.890686, -0.431374, 0.137276,
 0.521242, 0.250665, 0.949999, -0.890686, -0.0418855, 0.137276, 0.431374,
 0, 0, 0.18, 1, 0, 0, 0,
 -0.13, 0, 0.55, 1, 0, 0, 0,
 0.108979, -0.435596, 0.78456, 0.803075, -0.303564, 0.413242, -0.303564,
 0.31419, -0.457802, 0.831344, -0.29955, 0.830764, 0.383179, 0.270698,
 0.469707, -0.278444, 0.933776, -0.0418855, -0.890686, -0.431374, -0.137276,
 0.108979, 0.435596, 0.78456, 0.803075, 0.303564, 0.413242, 0.303564,
 0.31419, 0.457802, 0.831344, -0.29955, -0.830764, 0.383179, -0.270698,
 0.469707, 0.278444, 0.933776, -0.0418855, 0.890686, -0.431374, 0.137276,
 0.508271, 0.2503, 0.946351, 0.0418855, -0.890686, 0.431374, -0.137276,
 0.487006, -0.23276, 0.940927, 0.0418855, 0.890686, 0.431374, 0.137276,
 0.404791, -0.364237, 0.910851, -0.579725, -0.753368, 0.191417, 0.244376,
 0.404791, 0.364237, 0.910851, 0.031525, 0.437371, -0.64258, -0.628336,
 0, 0, 0, 1, 0, 0, 0,
 0.15, 0, 0.890675, 1, 0, -1.11022e-16, 0,
 0.121345, 4.95118e-08, 1.3515, -0.589368, -0.390699, 0.390699, 0.589368,
 0.55, 0, 0.790675, 0.707107, 5.55112e-17, -5.55112e-17, -0.707107,
 0.093713, 3.09449e-08, 1.36318, 0.390699, -0.589368, 0.589368, -0.390699,
 -0.0208361, -0.0175001, 1.5983, 0.589368, 0.390699, -0.390699, -0.589368,
 0.0472586, -0.00300578, 1.12989, 0.5, -0.5, 0.5, -0.5,
 0.505116, -0.231648, 0.94628, 0.140075, -0.319237, -0.708725, 0.613335,
 0.505116, 0.231648, 0.94628, -0.613335, 0.708725, 0.319237, -0.140075,
 0, 0, 0, 1, 0, 0, 0,
 -0.0500001, 0, 0.890675, 0.707107, 0, -0.707107, 0,
 -0.05, 0, 0.790675, 0.707107, 0, -0.707107, 0,
 -0.0670703, 0, 1.27213, 0.707107, 0, -0.707107, 0,
 -0.0670703, 0, 1.27213, 0.707107, 0, -0.707107, 0,
 0.0489299, 0, 1.11768, -0.707107, 0, 0, -0.707107,
 0.0489299, 0, 1.11768, -0.707107, 0, 0, -0.707107,
 -0.0500001, -0.188, 0.890675, 0.620545, -0.339005, -0.620545, -0.339005,
 -0.0500001, -0.188, 0.890675, 0.707107, 0, -0.707107, 0,
 -0.0500001, 0.188, 0.890675, 0.620545, 0.339005, -0.620545, 0.339005,
 -0.0500001, 0.188, 0.890675, 0.707107, 0, -0.707107, 0,
 0.000929734, 0, 1.27213, -0.693012, -0.14048, -0.14048, -0.693012,
 0.000929734, 0, 1.27213, -0.707107, 0, 0, -0.707107,
 0.0040302, -0.272147, 0.890675, -0.92972, -0.237396, -0.069654, -0.272787,
 0.0040302, -0.272147, 0.890675, -0.95955, 0, 2.77556e-17, -0.28154,
 0.0040302, 0.272147, 0.890675, -0.272787, -0.069654, -0.237396, -0.92972,
 0.0040302, 0.272147, 0.890675, -0.28154, -5.55112e-17, 0, -0.95955,
 0.0040302, -0.272147, 0.890675, 0.803075, -0.303564, 0.413242, -0.303564,
 0.0040302, -0.272147, 0.890675, 0.850301, 0.118612, 0.217118, -0.464522,
 0.0040302, 0.272147, 0.890675, 0.803075, 0.303564, 0.413242, 0.303564,
 0.0040302, 0.272147, 0.890675, 0.850301, -0.118612, 0.217118, 0.464522,
 0.193694, -0.567532, 0.698905, 0.488053, -0.616559, -0.0233568, 0.617346,
 0.193694, -0.567532, 0.698905, 0.782512, 0.0775539, 0.506859, 0.353207,
 0.193694, 0.567532, 0.698905, 0.617346, -0.0233568, -0.616559, 0.488053,
 0.193694, 0.567532, 0.698905, 0.353207, 0.506859, 0.0775539, 0.782512,
 0.193694, -0.567532, 0.698905, -0.285995, 0.839705, 0.393399, 0.24154,
 0.193694, -0.567532, 0.698905, -0.781635, 0.419457, 0.452489, -0.0914241,
 0.193694, 0.567532, 0.698905, -0.285995, -0.839705, 0.393399, -0.24154,
 0.193694, 0.567532, 0.698905, -0.781635, -0.419457, 0.452489, 0.0914241,
 0.377881, -0.399803, 0.901348, -0.145707, 0.937118, -0.297998, -0.108535,
 0.377881, -0.399803, 0.901348, -0.373024, 0.871937, -0.315586, -0.0314346,
 0.377881, 0.399803, 0.901348, -0.108535, -0.297998, 0.937118, -0.145707,
 0.377881, 0.399803, 0.901348, -0.0314346, -0.315586, 0.871937, -0.373024,
 0.377881, -0.399803, 0.901348, -0.0418855, -0.890686, -0.431374, -0.137276,
 0.377881, -0.399803, 0.901348, 0.179776, -0.873359, -0.451926, -0.0262847,
 0.377881, 0.399803, 0.901348, -0.0418855, 0.890686, -0.431374, 0.137276,
 0.377881, 0.399803, 0.901348, 0.179776, 0.873359, -0.451926, 0.0262847,
 0.451847, -0.318295, 0.926726, -0.297898, -0.742696, -0.24844, 0.54584,
 0.451847, -0.318295, 0.926726, -0.334645, -0.726879, -0.27541, 0.532741,
 0.436708, -0.305809, 0.922865, 0.301692, -0.518311, -0.370556, -0.709245,
 0.436708, -0.305809, 0.922865, 0.27541, -0.532741, -0.334645, -0.726879,
 0.436708, 0.305809, 0.922865, -0.370556, 0.709245, -0.301692, -0.518311,
 0.436708, 0.305809, 0.922865, -0.334645, 0.726879, -0.27541, -0.532741,
 0.451847, 0.318295, 0.926726, 0.24844, 0.54584, -0.297898, 0.742696,
 0.451847, 0.318295, 0.926726, 0.27541, 0.532741, -0.334645, 0.726879,
 0.515841, -0.256544, 0.948282, -0.27541, 0.532741, 0.334645, 0.726879,
 0.515841, -0.256544, 0.948282, -0.24844, 0.54584, 0.297898, 0.742696,
 0.479436, -0.226517, 0.938997, 0.334645, 0.726879, 0.27541, -0.532741,
 0.479436, -0.226517, 0.938997, 0.370556, 0.709245, 0.301692, -0.518311,
 0.479436, 0.226517, 0.938997, -0.27541, -0.532741, 0.334645, -0.726879,
 0.479436, 0.226517, 0.938997, -0.301692, -0.518311, 0.370556, -0.709245,
 0.515841, 0.256544, 0.948281, 0.334645, -0.726879, 0.27541, 0.532741,
 0.515841, 0.256544, 0.948281, 0.297898, -0.742696, 0.24844, 0.54584,
 0.487006, -0.23276, 0.940927, 0.0674513, -0.934838, 0.324783, -0.126686,
 0.479436, -0.226517, 0.938997, 0.0674513, -0.934838, 0.324783, -0.126686,
 0.508271, 0.2503, 0.946351, -0.126686, 0.324783, -0.934838, 0.0674513,
 0.515841, 0.256544, 0.948281, -0.126686, 0.324783, -0.934838, 0.0674513,
 -0.300016, 1.10001, 0.750004, -0.707108, -2.77556e-17, 2.77556e-17, -0.707108,
 1.38778e-17, 1.15, 0.75, 0.707107, 0, 0, 0.707107,
 0.3, 0.85, 0.75, 0.707107, 0, 0, 0.707107,
 0.1, 1.1, 0.6, 0.707107, 0, 0, 0.707107,
 0.8, 0, 0.6, 1, 0, 0, 0,
 -0.300016, 1.10001, 0.750004, -0.707108, -2.77556e-17, 2.77556e-17, -0.707108,
 1.38778e-17, 1.15, 0.75, 0.707107, 0, 0, 0.707107,
 0.3, 0.85, 0.75, 0.707107, 0, 0, 0.707107,
 
0, 0, 0, 1, 0, 0, 0,
 0, 0, 0, 1, 0, 0, 0,
 -0.0500001, 0, 0.890675, 0.707107, 0, -0.707107, 0,
 -0.0670703, 0, 1.27213, 0.707107, 0, -0.707107, 0,
 0.0489299, 0, 1.11768, -0.707107, 0, 0, -0.707107,
 -0.0500001, -0.188, 0.890675, 0.620545, -0.339005, -0.620545, -0.339005,
 -0.0500001, 0.188, 0.890675, 0.620545, 0.339005, -0.620545, 0.339005,
 0.000929734, 0, 1.27213, -0.693012, -0.14048, -0.14048, -0.693012,
 0.0040302, -0.272147, 0.890675, -0.92972, -0.237396, -0.069654, -0.272787,
 0.0040302, 0.272147, 0.890675, -0.272787, -0.069654, -0.237396, -0.92972,
 0.0040302, -0.272147, 0.890675, 0.803075, -0.303564, 0.413242, -0.303564,
 0.0040302, 0.272147, 0.890675, 0.803075, 0.303564, 0.413242, 0.303564,
 0.193694, -0.567532, 0.698905, 0.488053, -0.616559, -0.0233568, 0.617346,
 0.193694, 0.567532, 0.698905, 0.617346, -0.0233568, -0.616559, 0.488053,
 0.193694, -0.567532, 0.698905, -0.285995, 0.839705, 0.393399, 0.24154,
 0.193694, 0.567532, 0.698905, -0.285995, -0.839705, 0.393399, -0.24154,
 0.377881, -0.399803, 0.901348, -0.145707, 0.937118, -0.297998, -0.108535,
 0.377881, 0.399803, 0.901348, -0.108535, -0.297998, 0.937118, -0.145707,
 0.39889, -0.372037, 0.908767, -0.0418855, -0.890686, -0.431374, -0.137276,
 0.39889, 0.372037, 0.908767, -0.0418855, 0.890686, -0.431374, 0.137276,
 0.451847, -0.318295, 0.926726, -0.297898, -0.742696, -0.24844, 0.54584,
 0.436708, -0.305809, 0.922865, 0.301692, -0.518311, -0.370556, -0.709245,
 0.436708, 0.305809, 0.922865, -0.370556, 0.709245, -0.301692, -0.518311,
 0.451847, 0.318295, 0.926726, 0.24844, 0.54584, -0.297898, 0.742696,
 0.515841, -0.256544, 0.948282, -0.27541, 0.532741, 0.334645, 0.726879,
 0.479436, -0.226517, 0.938997, 0.334645, 0.726879, 0.27541, -0.532741,
 0.479436, 0.226517, 0.938997, -0.27541, -0.532741, 0.334645, -0.726879,
 0.515841, 0.256544, 0.948281, 0.334645, -0.726879, 0.27541, 0.532741,
 0.487006, -0.23276, 0.940927, 0.0674513, -0.934838, 0.324783, -0.126686,
 0.508271, 0.2503, 0.946351, -0.126686, 0.324783, -0.934838, 0.0674513,
 -0.0282159, 0.00517696, 0.272424, 1, 0, 0, 0,
 0, 0, 0, 1, 0, 0, 0,
 -0.29, 0, 0.851, 1, 0, 0, 0,
 0.21838, 0.225407, 0.180919, 1, 0, 0, 0,
 0.224225, 0.270791, 0.0789213, 1, 0, 0, 0,
 0.224225, 0.172791, 0.0789213, 1, 0, 0, 0,
 0.21838, -0.223793, 0.180919, 1, 0, 0, 0,
 0.224225, -0.178409, 0.0789213, 1, 0, 0, 0,
 0.224225, -0.276409, 0.0789213, 1, 0, 0, 0,
 -0.23082, 0.225407, 0.180919, 1, 0, 0, 0,
 -0.224975, 0.270791, 0.0789213, 1, 0, 0, 0,
 -0.224975, 0.172791, 0.0789213, 1, 0, 0, 0,
 -0.23082, -0.223793, 0.180919, 1, 0, 0, 0,
 -0.224975, -0.178409, 0.0789213, 1, 0, 0, 0,
 -0.224975, -0.276409, 0.0789213, 1, 0, 0, 0,
 -0.116563, -0.00108579, 1.01135, -1, 0, 0, -0,
 -0.026643, 0.000777182, 1.26448, -1, 0, 0, -0,
 0.03954, 0.00096181, 1.36052, 0.980067, 0, 0.198669, 0,
 0.0474159, 1.43584e-08, 1.3225, 0.980067, 0, 0.198669, 0,
 0.0474159, 1.43584e-08, 1.3225, 0.980067, 0, 0.198669, 0,
 0.0479407, 8.16945e-09, 1.34942, 0.980067, 0, 0.198669, 0,
 -0.0538428, 0.00394506, 1.57636, 0.980067, 0, 0.198669, 0,
 -0.0208361, 0.0124999, 1.5983, 0.980067, 0, 0.198669, 0,
 -0.0208361, -0.0175001, 1.5983, 0.980067, 0, 0.198669, 0,
 -0.0524158, 0.0124999, 1.56005, 0.980067, 0, 0.198669, 0,
 0.0472586, -0.00300578, 1.12989, 1, 0, -0, 0,
 -0.0448562, -0.191235, 0.722545, -0.877583, 0, 0, 0.479426,
 0.033844, -0.320941, 0.877835, 0.850301, 0.118612, 0.217118, -0.464522,
 0.061539, -0.361528, 0.832555, 0.803075, -0.303564, 0.413242, -0.303564,
 0.144326, -0.497476, 0.743806, 0.803075, -0.303564, 0.413242, -0.303564,
 0.244854, -0.51539, 0.746781, -0.285995, 0.839705, 0.393399, 0.24154,
 0.210596, -0.556788, 0.714328, -0.781635, 0.419457, 0.452489, -0.0914241,
 0.318984, -0.452781, 0.833042, -0.285995, 0.839705, 0.393399, 0.24154,
 0.376423, -0.402433, 0.902914, 0.179776, -0.873359, -0.451926, -0.0262847,
 0.417531, -0.34752, 0.916464, -0.0418855, -0.890686, -0.431374, -0.137276,
 0.451216, -0.303233, 0.927257, -0.0418855, -0.890686, -0.431374, -0.137276,
 0.39889, -0.372037, 0.908767, -0.0418855, -0.890686, -0.431374, -0.137276,
 0.493236, -0.291834, 0.940276, 0.0349722, 0.911133, 0.386319, 0.139198,
 0.45184, -0.257573, 0.929275, -0.868013, 0.0486941, 0.135011, -0.475351,
 0.521172, -0.250676, 0.950242, -0.0418855, -0.890686, -0.431374, -0.137276,
 0.483703, -0.219702, 0.940425, 0.890686, -0.0418855, -0.137276, 0.431374,
 -0.0491989, 0.194023, 0.722545, -0.877583, 0, 0, -0.479426,
 0.0359917, 0.319562, 0.877835, 0.850301, -0.118612, 0.217118, 0.464522,
 0.0614936, 0.361649, 0.832696, 0.803075, 0.303564, 0.413242, 0.303564,
 0.144615, 0.496706, 0.742906, 0.803075, 0.303564, 0.413242, 0.303564,
 0.245654, 0.515918, 0.746491, -0.285995, -0.839705, 0.393399, -0.24154,
 0.210883, 0.556023, 0.713434, -0.781635, -0.419457, 0.452489, 0.0914241,
 0.317879, 0.452053, 0.833444, -0.285995, -0.839705, 0.393399, -0.24154,
 0.376795, 0.402679, 0.902779, 0.179776, 0.873359, -0.451926, 0.0262847,
 0.417092, 0.347158, 0.916352, -0.0418855, 0.890686, -0.431374, 0.137276,
 0.450881, 0.302957, 0.927172, -0.0418855, 0.890686, -0.431374, 0.137276,
 0.39889, 0.372037, 0.908767, -0.0418855, 0.890686, -0.431374, 0.137276,
 0.45172, 0.257591, 0.929687, 0.0486941, -0.868013, 0.475351, -0.135011,
 0.493356, 0.291815, 0.939863, 0.911133, 0.0349722, -0.139198, -0.386319,
 0.483632, 0.219713, 0.940668, -0.0418855, 0.890686, -0.431374, 0.137276,
 0.521242, 0.250665, 0.949999, -0.890686, -0.0418855, 0.137276, 0.431374,
 0, 0, 0.18, 1, 0, 0, 0,
 -0.13, 0, 0.55, 1, 0, 0, 0,
 0.108979, -0.435596, 0.78456, 0.803075, -0.303564, 0.413242, -0.303564,
 0.31419, -0.457802, 0.831344, -0.29955, 0.830764, 0.383179, 0.270698,
 0.469707, -0.278444, 0.933776, -0.0418855, -0.890686, -0.431374, -0.137276,
 0.108979, 0.435596, 0.78456, 0.803075, 0.303564, 0.413242, 0.303564,
 0.31419, 0.457802, 0.831344, -0.29955, -0.830764, 0.383179, -0.270698,
 0.469707, 0.278444, 0.933776, -0.0418855, 0.890686, -0.431374, 0.137276,
 0.508271, 0.2503, 0.946351, 0.0418855, -0.890686, 0.431374, -0.137276,
 0.487006, -0.23276, 0.940927, 0.0418855, 0.890686, 0.431374, 0.137276,
 0.404791, -0.364237, 0.910851, -0.579725, -0.753368, 0.191417, 0.244376,
 0.404791, 0.364237, 0.910851, 0.031525, 0.437371, -0.64258, -0.628336,
 0, 0, 0, 1, 0, 0, 0,
 0.15, 0, 0.890675, 1, 0, -1.11022e-16, 0,
 0.121345, 4.95118e-08, 1.3515, -0.589368, -0.390699, 0.390699, 0.589368,
 0.55, 0, 0.790675, 0.707107, 5.55112e-17, -5.55112e-17, -0.707107,
 0.093713, 3.09449e-08, 1.36318, 0.390699, -0.589368, 0.589368, -0.390699,
 -0.0208361, -0.0175001, 1.5983, 0.589368, 0.390699, -0.390699, -0.589368,
 0.0472586, -0.00300578, 1.12989, 0.5, -0.5, 0.5, -0.5,
 0.505116, -0.231648, 0.94628, 0.140075, -0.319237, -0.708725, 0.613335,
 0.505116, 0.231648, 0.94628, -0.613335, 0.708725, 0.319237, -0.140075,
 0, 0, 0, 1, 0, 0, 0,
 -0.0500001, 0, 0.890675, 0.707107, 0, -0.707107, 0,
 -0.05, 0, 0.790675, 0.707107, 0, -0.707107, 0,
 -0.0670703, 0, 1.27213, 0.707107, 0, -0.707107, 0,
 -0.0670703, 0, 1.27213, 0.707107, 0, -0.707107, 0,
 0.0489299, 0, 1.11768, -0.707107, 0, 0, -0.707107,
 0.0489299, 0, 1.11768, -0.707107, 0, 0, -0.707107,
 -0.0500001, -0.188, 0.890675, 0.620545, -0.339005, -0.620545, -0.339005,
 -0.0500001, -0.188, 0.890675, 0.707107, 0, -0.707107, 0,
 -0.0500001, 0.188, 0.890675, 0.620545, 0.339005, -0.620545, 0.339005,
 -0.0500001, 0.188, 0.890675, 0.707107, 0, -0.707107, 0,
 0.000929734, 0, 1.27213, -0.693012, -0.14048, -0.14048, -0.693012,
 0.000929734, 0, 1.27213, -0.707107, 0, 0, -0.707107,
 0.0040302, -0.272147, 0.890675, -0.92972, -0.237396, -0.069654, -0.272787,
 0.0040302, -0.272147, 0.890675, -0.95955, 0, 2.77556e-17, -0.28154,
 0.0040302, 0.272147, 0.890675, -0.272787, -0.069654, -0.237396, -0.92972,
 0.0040302, 0.272147, 0.890675, -0.28154, -5.55112e-17, 0, -0.95955,
 0.0040302, -0.272147, 0.890675, 0.803075, -0.303564, 0.413242, -0.303564,
 0.0040302, -0.272147, 0.890675, 0.850301, 0.118612, 0.217118, -0.464522,
 0.0040302, 0.272147, 0.890675, 0.803075, 0.303564, 0.413242, 0.303564,
 0.0040302, 0.272147, 0.890675, 0.850301, -0.118612, 0.217118, 0.464522,
 0.193694, -0.567532, 0.698905, 0.488053, -0.616559, -0.0233568, 0.617346,
 0.193694, -0.567532, 0.698905, 0.782512, 0.0775539, 0.506859, 0.353207,
 0.193694, 0.567532, 0.698905, 0.617346, -0.0233568, -0.616559, 0.488053,
 0.193694, 0.567532, 0.698905, 0.353207, 0.506859, 0.0775539, 0.782512,
 0.193694, -0.567532, 0.698905, -0.285995, 0.839705, 0.393399, 0.24154,
 0.193694, -0.567532, 0.698905, -0.781635, 0.419457, 0.452489, -0.0914241,
 0.193694, 0.567532, 0.698905, -0.285995, -0.839705, 0.393399, -0.24154,
 0.193694, 0.567532, 0.698905, -0.781635, -0.419457, 0.452489, 0.0914241,
 0.377881, -0.399803, 0.901348, -0.145707, 0.937118, -0.297998, -0.108535,
 0.377881, -0.399803, 0.901348, -0.373024, 0.871937, -0.315586, -0.0314346,
 0.377881, 0.399803, 0.901348, -0.108535, -0.297998, 0.937118, -0.145707,
 0.377881, 0.399803, 0.901348, -0.0314346, -0.315586, 0.871937, -0.373024,
 0.377881, -0.399803, 0.901348, -0.0418855, -0.890686, -0.431374, -0.137276,
 0.377881, -0.399803, 0.901348, 0.179776, -0.873359, -0.451926, -0.0262847,
 0.377881, 0.399803, 0.901348, -0.0418855, 0.890686, -0.431374, 0.137276,
 0.377881, 0.399803, 0.901348, 0.179776, 0.873359, -0.451926, 0.0262847,
 0.451847, -0.318295, 0.926726, -0.297898, -0.742696, -0.24844, 0.54584,
 0.451847, -0.318295, 0.926726, -0.334645, -0.726879, -0.27541, 0.532741,
 0.436708, -0.305809, 0.922865, 0.301692, -0.518311, -0.370556, -0.709245,
 0.436708, -0.305809, 0.922865, 0.27541, -0.532741, -0.334645, -0.726879,
 0.436708, 0.305809, 0.922865, -0.370556, 0.709245, -0.301692, -0.518311,
 0.436708, 0.305809, 0.922865, -0.334645, 0.726879, -0.27541, -0.532741,
 0.451847, 0.318295, 0.926726, 0.24844, 0.54584, -0.297898, 0.742696,
 0.451847, 0.318295, 0.926726, 0.27541, 0.532741, -0.334645, 0.726879,
 0.515841, -0.256544, 0.948282, -0.27541, 0.532741, 0.334645, 0.726879,
 0.515841, -0.256544, 0.948282, -0.24844, 0.54584, 0.297898, 0.742696,
 0.479436, -0.226517, 0.938997, 0.334645, 0.726879, 0.27541, -0.532741,
 0.479436, -0.226517, 0.938997, 0.370556, 0.709245, 0.301692, -0.518311,
 0.479436, 0.226517, 0.938997, -0.27541, -0.532741, 0.334645, -0.726879,
 0.479436, 0.226517, 0.938997, -0.301692, -0.518311, 0.370556, -0.709245,
 0.515841, 0.256544, 0.948281, 0.334645, -0.726879, 0.27541, 0.532741,
 0.515841, 0.256544, 0.948281, 0.297898, -0.742696, 0.24844, 0.54584,
 0.487006, -0.23276, 0.940927, 0.0674513, -0.934838, 0.324783, -0.126686,
 0.479436, -0.226517, 0.938997, 0.0674513, -0.934838, 0.324783, -0.126686,
 0.508271, 0.2503, 0.946351, -0.126686, 0.324783, -0.934838, 0.0674513,
 0.515841, 0.256544, 0.948281, -0.126686, 0.324783, -0.934838, 0.0674513,
 -0.300016, 1.10001, 0.9, 0.707107, 0, 0, 0.707107,
 1.38778e-17, 1.15, 0.75, 0.707107, 0, 0, 0.707107,
 0.3, 0.85, 0.75, 0.707107, 0, 0, 0.707107,
 0.1, 1.1, 0.6, 0.707107, 0, 0, 0.707107,
 0.8, 0, 0.6, 1, 0, 0, 0,
 -0.300016, 1.10001, 0.9, 0.707107, 0, 0, 0.707107,
 1.38778e-17, 1.15, 0.75, 0.707107, 0, 0, 0.707107,
 0.3, 0.85, 0.75, 0.707107, 0, 0, 0.707107,
 ], x:[[0, 0, 0, 0.1, 0, 0, -1, 1, 0.4, 0.5, 0.5, -1, 1, -2, -2, -1.5, 1.5, -0.5, -0.5, -0.5, 0.5, 0.1, 0.1, 0.01, 0.01, 1.4787, 0.0205667, -0.522559, -0.53274, -0.726877, -0.275409, 0.334644], [0, 0, 0, 0.1, 0, 0, -1, 1, 0.4, 0.5, 0.5, -1, 1, -2, -2, -1.5, 1.5, -0.5, -0.5, -0.5, 0.5, 0.1, 0.1, 0.01, 0.01, -0.0499891, 0.300016, 0]], dual:[] },
QuaternionNorms:{ order:0, type:eq, feature:QuaternionNorms, vars:[1, 1] },
qItself#46:{ order:1, type:sos, feature:"qItself#46", vars:[1, 1] },
qItself#46:{ order:0, type:sos, feature:"qItself#46", vars:[1, 1] },
TM_NoJumpToParent-1-red:{ order:1, type:eq, feature:"TM_NoJumpToParent-1-red", vars:[1] },
TM_NoJumpToParent-1-red:{ order:1, type:eq, feature:"TM_NoJumpToParent-1-red", vars:[0, 1] },
AboveBox:red:green:{ order:0, type:ineq, feature:"AboveBox:red:green", vars:[0, 1] },
PairCollision-pr2R-red:{ order:0, type:eq, feature:"PairCollision-pr2R-red", vars:[0, 1] },
PairCollision-red-green:{ order:0, type:eq, feature:"PairCollision-red-green", vars:[0, 1] },
ProxyCost:{ order:0, type:sos, feature:ProxyCost, vars:[1, 1] }}KOMO_run_log: [
{ lagrangianQuery: True, errors: [0.338383, 2.88311, 143.033] },
{ lineSearch: 0, alpha: 1, beta: 1, f_x: 22061.1, f_y: 16316.2, wolfe: 1, accept: True },
{ newton: 1, evaluations: 2, f_x: 16316.2, alpha: 1.5 },
{ lagrangianQuery: True, errors: [0.258509, 2.66545, 124.872] },
{ lineSearch: 0, alpha: 1, beta: 1, f_x: 16316.2, f_y: 12440.6, wolfe: 1, accept: True },
{ newton: 2, evaluations: 3, f_x: 12440.6, alpha: 1.5 },
{ lagrangianQuery: True, errors: [0.267136, 2.33815, 103.011] },
{ lineSearch: 0, alpha: 1, beta: 1, f_x: 12440.6, f_y: 8395.08, wolfe: 1, accept: True },
{ newton: 3, evaluations: 4, f_x: 8395.08, alpha: 1.5 },
{ lagrangianQuery: True, errors: [7.753, 1.97073, 80.9727] },
{ lineSearch: 0, alpha: 1, beta: 1, f_x: 8395.08, f_y: 5121.7, wolfe: 1, accept: True },
{ newton: 4, evaluations: 5, f_x: 5121.7, alpha: 1.5 },
{ lagrangianQuery: True, errors: [5.81144, 1.75592, 66.194] },
{ lineSearch: 0, alpha: 1, beta: 1, f_x: 5121.7, f_y: 3376.44, wolfe: 1, accept: True },
{ newton: 5, evaluations: 6, f_x: 3376.44, alpha: 1.5 },
{ lagrangianQuery: True, errors: [7.17162, 1.55572, 53.9874] },
{ lineSearch: 0, alpha: 1, beta: 1, f_x: 3376.44, f_y: 2219.69, wolfe: 1, accept: True },
{ newton: 6, evaluations: 7, f_x: 2219.69, alpha: 1.5 },
{ lagrangianQuery: True, errors: [5.06815, 1.36811, 42.3686] },
{ lineSearch: 0, alpha: 1, beta: 1, f_x: 2219.69, f_y: 1336.52, wolfe: 1, accept: True },
{ newton: 7, evaluations: 8, f_x: 1336.52, alpha: 1.5 },
{ lagrangianQuery: True, errors: [5.03638, 1.22304, 32.7467] },
{ lineSearch: 0, alpha: 1, beta: 1, f_x: 1336.52, f_y: 786.292, wolfe: 1, accept: True },
{ newton: 8, evaluations: 9, f_x: 786.292, alpha: 1.5 },
{ lagrangianQuery: True, errors: [3.59271, 1.05613, 21.1677] },
{ lineSearch: 0, alpha: 1, beta: 1, f_x: 786.292, f_y: 316.658, wolfe: 1, accept: True },
{ newton: 9, evaluations: 10, f_x: 316.658, alpha: 1.5 },
{ lagrangianQuery: True, errors: [7.82703, 0.841906, 10.5707] },
{ lineSearch: 0, alpha: 1, beta: 1, f_x: 316.658, f_y: 84.4582, wolfe: 1, accept: True },
{ newton: 10, evaluations: 11, f_x: 84.4582, alpha: 1.5 },
{ lagrangianQuery: True, errors: [3.83635, 0.700521, 12.4257] },
{ lineSearch: 0, alpha: 1, beta: 1, f_x: 84.4582, f_y: 140.688, wolfe: 0, accept: False },
{ lagrangianQuery: True, errors: [4.3766, 0.771214, 10.2777] },
{ lineSearch: 1, alpha: 0.5, beta: 1, f_x: 84.4582, f_y: 87.972, wolfe: 0, accept: False },
{ lagrangianQuery: True, errors: [5.53897, 0.80656, 9.52523] },
{ lineSearch: 2, alpha: 0.25, beta: 1, f_x: 84.4582, f_y: 70.5537, wolfe: 1, accept: True },
{ newton: 11, evaluations: 14, f_x: 70.5537, alpha: 0.375 },
{ lagrangianQuery: True, errors: [5.64706, 0.743527, 6.4253] },
{ lineSearch: 0, alpha: 0.375, beta: 1, f_x: 70.5537, f_y: 36.0027, wolfe: 1, accept: True },
{ newton: 12, evaluations: 15, f_x: 36.0027, alpha: 0.5625 },
{ lagrangianQuery: True, errors: [3.31596, 0.679048, 7.92352] },
{ lineSearch: 0, alpha: 0.5625, beta: 1, f_x: 36.0027, f_y: 57.5956, wolfe: 0, accept: False },
{ lagrangianQuery: True, errors: [4.19554, 0.711287, 6.5478] },
{ lineSearch: 1, alpha: 0.28125, beta: 1, f_x: 36.0027, f_y: 38.3742, wolfe: 0, accept: False },
{ lagrangianQuery: True, errors: [4.82788, 0.727407, 6.07357] },
{ lineSearch: 2, alpha: 0.140625, beta: 1, f_x: 36.0027, f_y: 32.6404, wolfe: 1, accept: True },
{ newton: 13, evaluations: 18, f_x: 32.6404, alpha: 0.210938 },
{ lagrangianQuery: True, errors: [3.71804, 0.711609, 5.31215] },
{ lineSearch: 0, alpha: 0.210938, beta: 1, f_x: 32.6404, f_y: 25.2068, wolfe: 1, accept: True },
{ newton: 14, evaluations: 19, f_x: 25.2068, alpha: 0.316406 },
{ lagrangianQuery: True, errors: [2.95603, 0.682492, 4.2241] },
{ lineSearch: 0, alpha: 0.316406, beta: 1, f_x: 25.2068, f_y: 17.0422, wolfe: 1, accept: True },
{ newton: 15, evaluations: 20, f_x: 17.0422, alpha: 0.474609 },
{ lagrangianQuery: True, errors: [1.67179, 0.626482, 2.74214] },
{ lineSearch: 0, alpha: 0.474609, beta: 1, f_x: 17.0422, f_y: 7.77014, wolfe: 1, accept: True },
{ newton: 16, evaluations: 21, f_x: 7.77014, alpha: 0.711914 },
{ lagrangianQuery: True, errors: [1.14211, 0.491665, 2.29103] },
{ lineSearch: 0, alpha: 0.711914, beta: 1, f_x: 7.77014, f_y: 5.79318, wolfe: 1, accept: True },
{ newton: 17, evaluations: 22, f_x: 5.79318, alpha: 1.06787 },
{ lagrangianQuery: True, errors: [0.904932, 0.00938483, 0.729572] },
{ lineSearch: 0, alpha: 1, beta: 1, f_x: 5.79318, f_y: 1.34268, wolfe: 1, accept: True },
{ newton: 18, evaluations: 23, f_x: 1.34268, alpha: 1.5 },
{ lagrangianQuery: True, errors: [0.309151, 0.0144189, 2.00487] },
{ lineSearch: 0, alpha: 1, beta: 1, f_x: 1.34268, f_y: 4.18855, wolfe: 0, accept: False },
{ lagrangianQuery: True, errors: [0.313239, 0.0119019, 1.06968] },
{ lineSearch: 1, alpha: 0.5, beta: 1, f_x: 1.34268, f_y: 1.39875, wolfe: 0, accept: False },
{ lagrangianQuery: True, errors: [0.528037, 0.0106434, 0.727461] },
{ lineSearch: 2, alpha: 0.25, beta: 1, f_x: 1.34268, f_y: 0.991495, wolfe: 1, accept: True },
{ newton: 19, evaluations: 26, f_x: 0.991495, alpha: 0.375 },
{ lagrangianQuery: True, errors: [0.320083, 0.013229, 0.743323] },
{ lineSearch: 0, alpha: 0.375, beta: 1, f_x: 0.991495, f_y: 0.825586, wolfe: 1, accept: True },
{ newton: 20, evaluations: 27, f_x: 0.825586, alpha: 0.5625 },
{ lagrangianQuery: True, errors: [0.17868, 0.0108826, 0.537984] },
{ lineSearch: 0, alpha: 0.5625, beta: 1, f_x: 0.825586, f_y: 0.436112, wolfe: 1, accept: True },
{ newton: 21, evaluations: 28, f_x: 0.436112, alpha: 0.84375 },
{ lagrangianQuery: True, errors: [0.0673965, 0.00578269, 0.842955] },
{ lineSearch: 0, alpha: 0.84375, beta: 1, f_x: 0.436112, f_y: 0.731514, wolfe: 0, accept: False },
{ lagrangianQuery: True, errors: [0.0700555, 0.00833264, 0.583598] },
{ lineSearch: 1, alpha: 0.421875, beta: 1, f_x: 0.436112, f_y: 0.386523, wolfe: 1, accept: True },
{ newton: 22, evaluations: 30, f_x: 0.386523, alpha: 0.632812 },
{ lagrangianQuery: True, errors: [0.123589, 0.00573549, 0.269382] },
{ lineSearch: 0, alpha: 0.632812, beta: 1, f_x: 0.386523, f_y: 0.169782, wolfe: 1, accept: True },
{ newton: 23, evaluations: 31, f_x: 0.169782, alpha: 0.949219 },
{ lagrangianQuery: True, errors: [0.0893164, 0.000945786, 0.119315] },
{ lineSearch: 0, alpha: 0.949219, beta: 1, f_x: 0.169782, f_y: 0.0929731, wolfe: 1, accept: True },
{ newton: 24, evaluations: 32, f_x: 0.0929731, alpha: 1.42383 },
{ lagrangianQuery: True, errors: [0.0576809, 0.00345772, 0.0454015] },
{ lineSearch: 0, alpha: 1, beta: 1, f_x: 0.0929731, f_y: 0.0585193, wolfe: 1, accept: True },
{ newton: 25, evaluations: 33, f_x: 0.0585193, alpha: 1.5 },
{ lagrangianQuery: True, errors: [0.024969, 0.0989678, 0.439659] },
{ lineSearch: 0, alpha: 1, beta: 1, f_x: 0.0585193, f_y: 0.185423, wolfe: 0, accept: False },
{ lagrangianQuery: True, errors: [0.0281507, 0.0510979, 0.216612] },
{ lineSearch: 1, alpha: 0.5, beta: 1, f_x: 0.0585193, f_y: 0.0665945, wolfe: 0, accept: False },
{ lagrangianQuery: True, errors: [0.0396766, 0.027163, 0.118006] },
{ lineSearch: 2, alpha: 0.25, beta: 1, f_x: 0.0585193, f_y: 0.0495262, wolfe: 1, accept: True },
{ newton: 26, evaluations: 36, f_x: 0.0495262, alpha: 0.375 },
{ lagrangianQuery: True, errors: [0.0248044, 0.0171948, 0.101344] },
{ lineSearch: 0, alpha: 0.375, beta: 1, f_x: 0.0495262, f_y: 0.0294495, wolfe: 1, accept: True },
{ newton: 27, evaluations: 37, f_x: 0.0294495, alpha: 0.5625 },
{ lagrangianQuery: True, errors: [0.0302818, 0.00758362, 0.0870058] },
{ lineSearch: 0, alpha: 0.5625, beta: 1, f_x: 0.0294495, f_y: 0.0323978, wolfe: 0, accept: False },
{ lagrangianQuery: True, errors: [0.0235592, 0.0123892, 0.0928066] },
{ lineSearch: 1, alpha: 0.28125, beta: 1, f_x: 0.0294495, f_y: 0.0265886, wolfe: 1, accept: True },
{ newton: 28, evaluations: 39, f_x: 0.0265886, alpha: 0.421875 },
{ lagrangianQuery: True, errors: [0.0235592, 0.0123892, 0.0928066] },
{ optConstraint: 1, mu: 5, nu: 5, L_x_beforeUpdate: 0.0265886, L_x_afterUpdate: 0.0447652, errors: [0.0235592, 0.0123892, 0.0928066], lambda: [0.000250675, 0, 0, 0, 0, 0, 0, 0, 0, 0, 0, 0, 0, 0, 0, 0, 0, 0, 0, 0, 0, 0, 0, 0, 0, 0, 0, 0, 0, 0, 0, 0, 0, 0, 0, 0, 0, 0, 0, 0, 0, 0, 0, 0, 0, 0, 0, 0, 0, 0, 0, -0.00169161, -0.000466691, -0.000466126, 3.69435e-05, -1.72602e-05, -0.000320139, 0.00274107, 0, 0, 0, 0, 0, 0, 0, 0, 0, 0, 0, 0, 0, 0, 0, 0, 0, 0, 0, 0, 0, 0, 0, 0, 0, 0, 0, 0, 0, 0, 0, 0, 0, 0, 0, 0, 0, 0, 0, 0, 0, 0, 0, 0, 0, 0, 0, 0, 0, 0, 0, 0.0181874, -0.00907933, 0.0459595, -0.00537033, 0.000317461, 0.00419671, 0.00148432, 0, 0.00250777, 0.0222707, 0, -0.0950276, -6.93889e-15, 0] },
{ lagrangianQuery: True, errors: [0.0218851, 0.00613986, 0.061671] },
{ lineSearch: 0, alpha: 0.421875, beta: 1, f_x: 0.0447652, f_y: 0.0320033, wolfe: 1, accept: True },
{ newton: 29, evaluations: 40, f_x: 0.0320033, alpha: 0.632812 },
{ lagrangianQuery: True, errors: [0.03549, 0.00069004, 0.0379133] },
{ lineSearch: 0, alpha: 0.632812, beta: 1, f_x: 0.0320033, f_y: 0.0398045, wolfe: 0, accept: False },
{ lagrangianQuery: True, errors: [0.0218312, 0.00341495, 0.0460307] },
{ lineSearch: 1, alpha: 0.316406, beta: 1, f_x: 0.0320033, f_y: 0.0278135, wolfe: 1, accept: True },
{ newton: 30, evaluations: 42, f_x: 0.0278135, alpha: 0.474609 },
{ lagrangianQuery: True, errors: [0.0212314, 0.000592603, 0.0302961] },
{ lineSearch: 0, alpha: 0.474609, beta: 1, f_x: 0.0278135, f_y: 0.0241532, wolfe: 1, accept: True },
{ newton: 31, evaluations: 43, f_x: 0.0241532, alpha: 0.711914 },
{ lagrangianQuery: True, errors: [0.0340089, 0, 0.0039962] },
{ lineSearch: 0, alpha: 0.711914, beta: 1, f_x: 0.0241532, f_y: 0.0337843, wolfe: 0, accept: False },
{ lagrangianQuery: True, errors: [0.0213456, 0, 0.0140562] },
{ lineSearch: 1, alpha: 0.355957, beta: 1, f_x: 0.0241532, f_y: 0.0222745, wolfe: 1, accept: True },
{ newton: 32, evaluations: 45, f_x: 0.0222745, alpha: 0.533936 },
{ lagrangianQuery: True, errors: [0.0187881, 0, 0.0125739] },
{ lineSearch: 0, alpha: 0.533936, beta: 1, f_x: 0.0222745, f_y: 0.0195212, wolfe: 1, accept: True },
{ newton: 33, evaluations: 46, f_x: 0.0195212, alpha: 0.800903 },
{ lagrangianQuery: True, errors: [0.0187881, 0, 0.0125739] },
{ optConstraint: 2, mu: 25, nu: 25, L_x_beforeUpdate: 0.0195212, L_x_afterUpdate: 0.0206912, errors: [0.0187881, 0, 0.0125739], lambda: [0.00318072, 0, 0, 0, 0, 0, 0, 0, 0, 0, 0, 0, 0, 0, 0, 0, 0, 0, 0, 0, 0, 0, 0, 0, 0, 0, 0, 0, 0, 0, 0, 0, 0, 0, 0, 0, 0, 0, 0, 0, 0, 0, 0, 0, 0, 0, 0, 0, 0, 0, 0, -0.00207778, -0.00116101, -0.000823032, 0.000222577, -0.00172657, 0.000411145, 0.00465084, 0, 0, 0, 0, 0, 0, 0, 0, 0, 0, 0, 0, 0, 0, 0, 0, 0, 0, 0, 0, 0, 0, 0, 0, 0, 0, 0, 0, 0, 0, 0, 0, 0, 0, 0, 0, 0, 0, 0, 0, 0, 0, 0, 0, 0, 0, 0, 0, 0, 0, 0, 0.0334798, -0.0185119, 0.0932199, -0.00849924, 0.00193603, 0.00831221, 0.00460965, 0, 0.00102999, 0.00792921, 0, -0.127889, -4.16334e-14, 0] },
{ lagrangianQuery: True, errors: [0.0328431, 0, 0.00219592] },
{ lineSearch: 0, alpha: 0.800903, beta: 1, f_x: 0.0206912, f_y: 0.0327142, wolfe: 0, accept: False },
{ lagrangianQuery: True, errors: [0.0216503, 0, 0.00538403] },
{ lineSearch: 1, alpha: 0.400452, beta: 1, f_x: 0.0206912, f_y: 0.0222039, wolfe: 0, accept: False },
{ lagrangianQuery: True, errors: [0.0184019, 0, 0.00892544] },
{ lineSearch: 2, alpha: 0.200226, beta: 1, f_x: 0.0206912, f_y: 0.0195421, wolfe: 1, accept: True },
{ newton: 34, evaluations: 49, f_x: 0.0195421, alpha: 0.300339 },
{ lagrangianQuery: True, errors: [0.0189155, 0, 0.00783269] },
{ lineSearch: 0, alpha: 0.300339, beta: 1, f_x: 0.0195421, f_y: 0.0199393, wolfe: 0, accept: False },
{ lagrangianQuery: True, errors: [0.0168188, 0, 0.00774016] },
{ lineSearch: 1, alpha: 0.150169, beta: 1, f_x: 0.0195421, f_y: 0.0177626, wolfe: 1, accept: True },
{ newton: 35, evaluations: 51, f_x: 0.0177626, alpha: 0.225254 },
{ lagrangianQuery: True, errors: [0.0192595, 0, 0.00470533] },
{ lineSearch: 0, alpha: 0.225254, beta: 1, f_x: 0.0177626, f_y: 0.0197374, wolfe: 0, accept: False },
{ lagrangianQuery: True, errors: [0.0166949, 0, 0.00621751] },
{ lineSearch: 1, alpha: 0.112627, beta: 1, f_x: 0.0177626, f_y: 0.0173887, wolfe: 1, accept: True },
{ newton: 36, evaluations: 53, f_x: 0.0173887, alpha: 0.168941 },
{ lagrangianQuery: True, errors: [0.017449, 0, 0.00544046] },
{ lineSearch: 0, alpha: 0.168941, beta: 1, f_x: 0.0173887, f_y: 0.0180381, wolfe: 0, accept: False },
{ lagrangianQuery: True, errors: [0.0166401, 0, 0.00562794] },
{ lineSearch: 1, alpha: 0.0844703, beta: 1, f_x: 0.0173887, f_y: 0.0172468, wolfe: 1, accept: True },
{ newton: 37, evaluations: 55, f_x: 0.0172468, alpha: 0.126705 },
{ lagrangianQuery: True, errors: [0.0156139, 0, 0.00417329] },
{ lineSearch: 0, alpha: 0.126705, beta: 1, f_x: 0.0172468, f_y: 0.0160185, wolfe: 1, accept: True },
{ newton: 38, evaluations: 56, f_x: 0.0160185, alpha: 0.190058 },

] #end of KOMO_run_log
