SKELETON:
  initial (pr2R) from 0 to 2
  initial (pr2L) from 0 to 2
  initial (red) from 0 to 2
  initial (green) from 0 to 2
  initial (blue) from 0 to 2
  initial (table1) from 0 to 2
  initial (table2) from 0 to 2
  touch (pr2R blue) from 1 to 2
  stable (pr2R blue) from 1 to 2
  touch (pr2L red) from 2 to 2
  stable (pr2L red) from 2 to 2
SWITCHES:
  START  -->  stable (pr2R blue) from 1 to 2
  START  -->  stable (pr2L red) from 2 to 2
KOMO Problem:
  x-dim:71  dual-dim:0
  T:2 k:1 phases:2 stepsPerPhase:1 tau:10
  #configurations:3 q-dims: (0..0)25 (1..1)32 (2..2)39
    times:[10, 20]
  usingSwift:1
    TASK 'QuaternionNorms' ([1, 1])  type:eq  order:0  target:[]  scale:[3]
    TASK 'qItself#46' ([1, 1])  type:sos  order:1  target:[]  scale:[0.316228, 0.316228, 0.316228, 94.8683, 0.00316228, 0.0316228, 0.0316228, 0.0316228, 0.00316228, 0.0316228, 0.0316228, 0.0316228, 0.0316228, 0.0316228, 0.0316228, 0.0316228, 0.0316228, 0.0316228, 0.0316228, 0.0316228, 0.0316228, 0.0316228, 0.0316228, 0.0316228, 0.0316228]
    TASK 'qItself#46' ([1, 1])  type:sos  order:0  target:[]  scale:[0.0316228]
    TASK 'qZeroVel-blue' ()  type:eq  order:1  target:[]  scale:[10]
    TASK 'TM_NoJumpToParent-1-blue' ([1])  type:eq  order:1  target:[]  scale:[100]
    TASK 'TM_NoJumpToParent-1-red' ([0, 1])  type:eq  order:1  target:[]  scale:[100]
    TASK 'PairCollision-pr2L-red' ([0, 1])  type:eq  order:0  target:[]  scale:[100]
    TASK 'ProxyCost' ([1, 1])  type:sos  order:0  target:[]  scale:[10]
    SWITCH  timeOfApplication=0  symbol=joint  jointType=free  fromId=105  toId=166
    SWITCH  timeOfApplication=1  symbol=joint  jointType=free  fromId=106  toId=164
{KOMO_specs:{ x_dim:71, T:2, k_order:1, tau:10, useSwift, X:[
0, 0, 0, 1, 0, 0, 0,
 0, 0, 0, 1, 0, 0, 0,
 -0.0500001, 0, 0.890675, 0.707107, 0, -0.707107, 0,
 -0.0670703, 0, 1.27213, 0.707107, 0, -0.707107, 0,
 0.0489299, 0, 1.11768, -0.707107, 0, 0, -0.707107,
 -0.0500001, -0.188, 0.890675, 0.620545, -0.339005, -0.620545, -0.339005,
 -0.0500001, 0.188, 0.890675, 0.620545, 0.339005, -0.620545, 0.339005,
 0.000929734, 0, 1.27213, -0.693012, -0.14048, -0.14048, -0.693012,
 0.0040302, -0.272147, 0.890675, -0.92972, -0.237396, -0.069654, -0.272787,
 0.0040302, 0.272147, 0.890675, -0.272787, -0.069654, -0.237396, -0.92972,
 0.0040302, -0.272147, 0.890675, 0.803075, -0.303564, 0.413242, -0.303564,
 0.0040302, 0.272147, 0.890675, 0.803075, 0.303564, 0.413242, 0.303564,
 0.193694, -0.567532, 0.698905, 0.488053, -0.616559, -0.0233568, 0.617346,
 0.193694, 0.567532, 0.698905, 0.617346, -0.0233568, -0.616559, 0.488053,
 0.193694, -0.567532, 0.698905, -0.285995, 0.839705, 0.393399, 0.24154,
 0.193694, 0.567532, 0.698905, -0.285995, -0.839705, 0.393399, -0.24154,
 0.377881, -0.399803, 0.901348, -0.145707, 0.937118, -0.297998, -0.108535,
 0.377881, 0.399803, 0.901348, -0.108535, -0.297998, 0.937118, -0.145707,
 0.39889, -0.372037, 0.908767, -0.0418855, -0.890686, -0.431374, -0.137276,
 0.39889, 0.372037, 0.908767, -0.0418855, 0.890686, -0.431374, 0.137276,
 0.451847, -0.318295, 0.926726, -0.297898, -0.742696, -0.24844, 0.54584,
 0.436708, -0.305809, 0.922865, 0.301692, -0.518311, -0.370556, -0.709245,
 0.436708, 0.305809, 0.922865, -0.370556, 0.709245, -0.301692, -0.518311,
 0.451847, 0.318295, 0.926726, 0.24844, 0.54584, -0.297898, 0.742696,
 0.515841, -0.256544, 0.948282, -0.27541, 0.532741, 0.334645, 0.726879,
 0.479436, -0.226517, 0.938997, 0.334645, 0.726879, 0.27541, -0.532741,
 0.479436, 0.226517, 0.938997, -0.27541, -0.532741, 0.334645, -0.726879,
 0.515841, 0.256544, 0.948281, 0.334645, -0.726879, 0.27541, 0.532741,
 0.487006, -0.23276, 0.940927, 0.0674513, -0.934838, 0.324783, -0.126686,
 0.508271, 0.2503, 0.946351, -0.126686, 0.324783, -0.934838, 0.0674513,
 -0.0282159, 0.00517696, 0.272424, 1, 0, 0, 0,
 0, 0, 0, 1, 0, 0, 0,
 -0.29, 0, 0.851, 1, 0, 0, 0,
 0.21838, 0.225407, 0.180919, 1, 0, 0, 0,
 0.224225, 0.270791, 0.0789213, 1, 0, 0, 0,
 0.224225, 0.172791, 0.0789213, 1, 0, 0, 0,
 0.21838, -0.223793, 0.180919, 1, 0, 0, 0,
 0.224225, -0.178409, 0.0789213, 1, 0, 0, 0,
 0.224225, -0.276409, 0.0789213, 1, 0, 0, 0,
 -0.23082, 0.225407, 0.180919, 1, 0, 0, 0,
 -0.224975, 0.270791, 0.0789213, 1, 0, 0, 0,
 -0.224975, 0.172791, 0.0789213, 1, 0, 0, 0,
 -0.23082, -0.223793, 0.180919, 1, 0, 0, 0,
 -0.224975, -0.178409, 0.0789213, 1, 0, 0, 0,
 -0.224975, -0.276409, 0.0789213, 1, 0, 0, 0,
 -0.116563, -0.00108579, 1.01135, -1, 0, 0, -0,
 -0.026643, 0.000777182, 1.26448, -1, 0, 0, -0,
 0.03954, 0.00096181, 1.36052, 0.980067, 0, 0.198669, 0,
 0.0474159, 1.43584e-08, 1.3225, 0.980067, 0, 0.198669, 0,
 0.0474159, 1.43584e-08, 1.3225, 0.980067, 0, 0.198669, 0,
 0.0479407, 8.16945e-09, 1.34942, 0.980067, 0, 0.198669, 0,
 -0.0538428, 0.00394506, 1.57636, 0.980067, 0, 0.198669, 0,
 -0.0208361, 0.0124999, 1.5983, 0.980067, 0, 0.198669, 0,
 -0.0208361, -0.0175001, 1.5983, 0.980067, 0, 0.198669, 0,
 -0.0524158, 0.0124999, 1.56005, 0.980067, 0, 0.198669, 0,
 0.0472586, -0.00300578, 1.12989, 1, 0, -0, 0,
 -0.0448562, -0.191235, 0.722545, -0.877583, 0, 0, 0.479426,
 0.033844, -0.320941, 0.877835, 0.850301, 0.118612, 0.217118, -0.464522,
 0.061539, -0.361528, 0.832555, 0.803075, -0.303564, 0.413242, -0.303564,
 0.144326, -0.497476, 0.743806, 0.803075, -0.303564, 0.413242, -0.303564,
 0.244854, -0.51539, 0.746781, -0.285995, 0.839705, 0.393399, 0.24154,
 0.210596, -0.556788, 0.714328, -0.781635, 0.419457, 0.452489, -0.0914241,
 0.318984, -0.452781, 0.833042, -0.285995, 0.839705, 0.393399, 0.24154,
 0.376423, -0.402433, 0.902914, 0.179776, -0.873359, -0.451926, -0.0262847,
 0.417531, -0.34752, 0.916464, -0.0418855, -0.890686, -0.431374, -0.137276,
 0.451216, -0.303233, 0.927257, -0.0418855, -0.890686, -0.431374, -0.137276,
 0.39889, -0.372037, 0.908767, -0.0418855, -0.890686, -0.431374, -0.137276,
 0.493236, -0.291834, 0.940276, 0.0349722, 0.911133, 0.386319, 0.139198,
 0.45184, -0.257573, 0.929275, -0.868013, 0.0486941, 0.135011, -0.475351,
 0.521172, -0.250676, 0.950242, -0.0418855, -0.890686, -0.431374, -0.137276,
 0.483703, -0.219702, 0.940425, 0.890686, -0.0418855, -0.137276, 0.431374,
 -0.0491989, 0.194023, 0.722545, -0.877583, 0, 0, -0.479426,
 0.0359917, 0.319562, 0.877835, 0.850301, -0.118612, 0.217118, 0.464522,
 0.0614936, 0.361649, 0.832696, 0.803075, 0.303564, 0.413242, 0.303564,
 0.144615, 0.496706, 0.742906, 0.803075, 0.303564, 0.413242, 0.303564,
 0.245654, 0.515918, 0.746491, -0.285995, -0.839705, 0.393399, -0.24154,
 0.210883, 0.556023, 0.713434, -0.781635, -0.419457, 0.452489, 0.0914241,
 0.317879, 0.452053, 0.833444, -0.285995, -0.839705, 0.393399, -0.24154,
 0.376795, 0.402679, 0.902779, 0.179776, 0.873359, -0.451926, 0.0262847,
 0.417092, 0.347158, 0.916352, -0.0418855, 0.890686, -0.431374, 0.137276,
 0.450881, 0.302957, 0.927172, -0.0418855, 0.890686, -0.431374, 0.137276,
 0.39889, 0.372037, 0.908767, -0.0418855, 0.890686, -0.431374, 0.137276,
 0.45172, 0.257591, 0.929687, 0.0486941, -0.868013, 0.475351, -0.135011,
 0.493356, 0.291815, 0.939863, 0.911133, 0.0349722, -0.139198, -0.386319,
 0.483632, 0.219713, 0.940668, -0.0418855, 0.890686, -0.431374, 0.137276,
 0.521242, 0.250665, 0.949999, -0.890686, -0.0418855, 0.137276, 0.431374,
 0, 0, 0.18, 1, 0, 0, 0,
 -0.13, 0, 0.55, 1, 0, 0, 0,
 0.108979, -0.435596, 0.78456, 0.803075, -0.303564, 0.413242, -0.303564,
 0.31419, -0.457802, 0.831344, -0.29955, 0.830764, 0.383179, 0.270698,
 0.469707, -0.278444, 0.933776, -0.0418855, -0.890686, -0.431374, -0.137276,
 0.108979, 0.435596, 0.78456, 0.803075, 0.303564, 0.413242, 0.303564,
 0.31419, 0.457802, 0.831344, -0.29955, -0.830764, 0.383179, -0.270698,
 0.469707, 0.278444, 0.933776, -0.0418855, 0.890686, -0.431374, 0.137276,
 0.508271, 0.2503, 0.946351, 0.0418855, -0.890686, 0.431374, -0.137276,
 0.487006, -0.23276, 0.940927, 0.0418855, 0.890686, 0.431374, 0.137276,
 0.404791, -0.364237, 0.910851, -0.579725, -0.753368, 0.191417, 0.244376,
 0.404791, 0.364237, 0.910851, 0.031525, 0.437371, -0.64258, -0.628336,
 0, 0, 0, 1, 0, 0, 0,
 0.15, 0, 0.890675, 1, 0, -1.11022e-16, 0,
 0.121345, 4.95118e-08, 1.3515, -0.589368, -0.390699, 0.390699, 0.589368,
 0.55, 0, 0.790675, 0.707107, 5.55112e-17, -5.55112e-17, -0.707107,
 0.093713, 3.09449e-08, 1.36318, 0.390699, -0.589368, 0.589368, -0.390699,
 -0.0208361, -0.0175001, 1.5983, 0.589368, 0.390699, -0.390699, -0.589368,
 0.0472586, -0.00300578, 1.12989, 0.5, -0.5, 0.5, -0.5,
 0.505116, -0.231648, 0.94628, 0.140075, -0.319237, -0.708725, 0.613335,
 0.505116, 0.231648, 0.94628, -0.613335, 0.708725, 0.319237, -0.140075,
 0, 0, 0, 1, 0, 0, 0,
 -0.0500001, 0, 0.890675, 0.707107, 0, -0.707107, 0,
 -0.05, 0, 0.790675, 0.707107, 0, -0.707107, 0,
 -0.0670703, 0, 1.27213, 0.707107, 0, -0.707107, 0,
 -0.0670703, 0, 1.27213, 0.707107, 0, -0.707107, 0,
 0.0489299, 0, 1.11768, -0.707107, 0, 0, -0.707107,
 0.0489299, 0, 1.11768, -0.707107, 0, 0, -0.707107,
 -0.0500001, -0.188, 0.890675, 0.620545, -0.339005, -0.620545, -0.339005,
 -0.0500001, -0.188, 0.890675, 0.707107, 0, -0.707107, 0,
 -0.0500001, 0.188, 0.890675, 0.620545, 0.339005, -0.620545, 0.339005,
 -0.0500001, 0.188, 0.890675, 0.707107, 0, -0.707107, 0,
 0.000929734, 0, 1.27213, -0.693012, -0.14048, -0.14048, -0.693012,
 0.000929734, 0, 1.27213, -0.707107, 0, 0, -0.707107,
 0.0040302, -0.272147, 0.890675, -0.92972, -0.237396, -0.069654, -0.272787,
 0.0040302, -0.272147, 0.890675, -0.95955, 0, 2.77556e-17, -0.28154,
 0.0040302, 0.272147, 0.890675, -0.272787, -0.069654, -0.237396, -0.92972,
 0.0040302, 0.272147, 0.890675, -0.28154, -5.55112e-17, 0, -0.95955,
 0.0040302, -0.272147, 0.890675, 0.803075, -0.303564, 0.413242, -0.303564,
 0.0040302, -0.272147, 0.890675, 0.850301, 0.118612, 0.217118, -0.464522,
 0.0040302, 0.272147, 0.890675, 0.803075, 0.303564, 0.413242, 0.303564,
 0.0040302, 0.272147, 0.890675, 0.850301, -0.118612, 0.217118, 0.464522,
 0.193694, -0.567532, 0.698905, 0.488053, -0.616559, -0.0233568, 0.617346,
 0.193694, -0.567532, 0.698905, 0.782512, 0.0775539, 0.506859, 0.353207,
 0.193694, 0.567532, 0.698905, 0.617346, -0.0233568, -0.616559, 0.488053,
 0.193694, 0.567532, 0.698905, 0.353207, 0.506859, 0.0775539, 0.782512,
 0.193694, -0.567532, 0.698905, -0.285995, 0.839705, 0.393399, 0.24154,
 0.193694, -0.567532, 0.698905, -0.781635, 0.419457, 0.452489, -0.0914241,
 0.193694, 0.567532, 0.698905, -0.285995, -0.839705, 0.393399, -0.24154,
 0.193694, 0.567532, 0.698905, -0.781635, -0.419457, 0.452489, 0.0914241,
 0.377881, -0.399803, 0.901348, -0.145707, 0.937118, -0.297998, -0.108535,
 0.377881, -0.399803, 0.901348, -0.373024, 0.871937, -0.315586, -0.0314346,
 0.377881, 0.399803, 0.901348, -0.108535, -0.297998, 0.937118, -0.145707,
 0.377881, 0.399803, 0.901348, -0.0314346, -0.315586, 0.871937, -0.373024,
 0.377881, -0.399803, 0.901348, -0.0418855, -0.890686, -0.431374, -0.137276,
 0.377881, -0.399803, 0.901348, 0.179776, -0.873359, -0.451926, -0.0262847,
 0.377881, 0.399803, 0.901348, -0.0418855, 0.890686, -0.431374, 0.137276,
 0.377881, 0.399803, 0.901348, 0.179776, 0.873359, -0.451926, 0.0262847,
 0.451847, -0.318295, 0.926726, -0.297898, -0.742696, -0.24844, 0.54584,
 0.451847, -0.318295, 0.926726, -0.334645, -0.726879, -0.27541, 0.532741,
 0.436708, -0.305809, 0.922865, 0.301692, -0.518311, -0.370556, -0.709245,
 0.436708, -0.305809, 0.922865, 0.27541, -0.532741, -0.334645, -0.726879,
 0.436708, 0.305809, 0.922865, -0.370556, 0.709245, -0.301692, -0.518311,
 0.436708, 0.305809, 0.922865, -0.334645, 0.726879, -0.27541, -0.532741,
 0.451847, 0.318295, 0.926726, 0.24844, 0.54584, -0.297898, 0.742696,
 0.451847, 0.318295, 0.926726, 0.27541, 0.532741, -0.334645, 0.726879,
 0.515841, -0.256544, 0.948282, -0.27541, 0.532741, 0.334645, 0.726879,
 0.515841, -0.256544, 0.948282, -0.24844, 0.54584, 0.297898, 0.742696,
 0.479436, -0.226517, 0.938997, 0.334645, 0.726879, 0.27541, -0.532741,
 0.479436, -0.226517, 0.938997, 0.370556, 0.709245, 0.301692, -0.518311,
 0.479436, 0.226517, 0.938997, -0.27541, -0.532741, 0.334645, -0.726879,
 0.479436, 0.226517, 0.938997, -0.301692, -0.518311, 0.370556, -0.709245,
 0.515841, 0.256544, 0.948281, 0.334645, -0.726879, 0.27541, 0.532741,
 0.515841, 0.256544, 0.948281, 0.297898, -0.742696, 0.24844, 0.54584,
 0.487006, -0.23276, 0.940927, 0.0674513, -0.934838, 0.324783, -0.126686,
 0.479436, -0.226517, 0.938997, 0.0674513, -0.934838, 0.324783, -0.126686,
 0.508271, 0.2503, 0.946351, -0.126686, 0.324783, -0.934838, 0.0674513,
 0.515841, 0.256544, 0.948281, -0.126686, 0.324783, -0.934838, 0.0674513,
 -0.3, 1.1, 0.75, 0.707107, 0, 0, 0.707107,
 1.38778e-17, 1.15, 0.75, 0.707107, 0, 0, 0.707107,
 0.299993, 0.850007, 0.750005, -0.707108, -2.77556e-17, 2.77556e-17, -0.707108,
 0.1, 1.1, 0.6, 0.707107, 0, 0, 0.707107,
 0.8, 0, 0.6, 1, 0, 0, 0,
 -0.3, 1.1, 0.75, 0.707107, 0, 0, 0.707107,
 1.38778e-17, 1.15, 0.75, 0.707107, 0, 0, 0.707107,
 0.299993, 0.850007, 0.750005, -0.707108, -2.77556e-17, 2.77556e-17, -0.707108,
 
0, 0, 0, 1, 0, 0, 0,
 0, 0, 0, 1, 0, 0, 0,
 -0.0500001, 0, 0.890675, 0.707107, 0, -0.707107, 0,
 -0.0670703, 0, 1.27213, 0.707107, 0, -0.707107, 0,
 0.0489299, 0, 1.11768, -0.707107, 0, 0, -0.707107,
 -0.0500001, -0.188, 0.890675, 0.620545, -0.339005, -0.620545, -0.339005,
 -0.0500001, 0.188, 0.890675, 0.620545, 0.339005, -0.620545, 0.339005,
 0.000929734, 0, 1.27213, -0.693012, -0.14048, -0.14048, -0.693012,
 0.0040302, -0.272147, 0.890675, -0.92972, -0.237396, -0.069654, -0.272787,
 0.0040302, 0.272147, 0.890675, -0.272787, -0.069654, -0.237396, -0.92972,
 0.0040302, -0.272147, 0.890675, 0.803075, -0.303564, 0.413242, -0.303564,
 0.0040302, 0.272147, 0.890675, 0.803075, 0.303564, 0.413242, 0.303564,
 0.193694, -0.567532, 0.698905, 0.488053, -0.616559, -0.0233568, 0.617346,
 0.193694, 0.567532, 0.698905, 0.617346, -0.0233568, -0.616559, 0.488053,
 0.193694, -0.567532, 0.698905, -0.285995, 0.839705, 0.393399, 0.24154,
 0.193694, 0.567532, 0.698905, -0.285995, -0.839705, 0.393399, -0.24154,
 0.377881, -0.399803, 0.901348, -0.145707, 0.937118, -0.297998, -0.108535,
 0.377881, 0.399803, 0.901348, -0.108535, -0.297998, 0.937118, -0.145707,
 0.39889, -0.372037, 0.908767, -0.0418855, -0.890686, -0.431374, -0.137276,
 0.39889, 0.372037, 0.908767, -0.0418855, 0.890686, -0.431374, 0.137276,
 0.451847, -0.318295, 0.926726, -0.297898, -0.742696, -0.24844, 0.54584,
 0.436708, -0.305809, 0.922865, 0.301692, -0.518311, -0.370556, -0.709245,
 0.436708, 0.305809, 0.922865, -0.370556, 0.709245, -0.301692, -0.518311,
 0.451847, 0.318295, 0.926726, 0.24844, 0.54584, -0.297898, 0.742696,
 0.515841, -0.256544, 0.948282, -0.27541, 0.532741, 0.334645, 0.726879,
 0.479436, -0.226517, 0.938997, 0.334645, 0.726879, 0.27541, -0.532741,
 0.479436, 0.226517, 0.938997, -0.27541, -0.532741, 0.334645, -0.726879,
 0.515841, 0.256544, 0.948281, 0.334645, -0.726879, 0.27541, 0.532741,
 0.487006, -0.23276, 0.940927, 0.0674513, -0.934838, 0.324783, -0.126686,
 0.508271, 0.2503, 0.946351, -0.126686, 0.324783, -0.934838, 0.0674513,
 -0.0282159, 0.00517696, 0.272424, 1, 0, 0, 0,
 0, 0, 0, 1, 0, 0, 0,
 -0.29, 0, 0.851, 1, 0, 0, 0,
 0.21838, 0.225407, 0.180919, 1, 0, 0, 0,
 0.224225, 0.270791, 0.0789213, 1, 0, 0, 0,
 0.224225, 0.172791, 0.0789213, 1, 0, 0, 0,
 0.21838, -0.223793, 0.180919, 1, 0, 0, 0,
 0.224225, -0.178409, 0.0789213, 1, 0, 0, 0,
 0.224225, -0.276409, 0.0789213, 1, 0, 0, 0,
 -0.23082, 0.225407, 0.180919, 1, 0, 0, 0,
 -0.224975, 0.270791, 0.0789213, 1, 0, 0, 0,
 -0.224975, 0.172791, 0.0789213, 1, 0, 0, 0,
 -0.23082, -0.223793, 0.180919, 1, 0, 0, 0,
 -0.224975, -0.178409, 0.0789213, 1, 0, 0, 0,
 -0.224975, -0.276409, 0.0789213, 1, 0, 0, 0,
 -0.116563, -0.00108579, 1.01135, -1, 0, 0, -0,
 -0.026643, 0.000777182, 1.26448, -1, 0, 0, -0,
 0.03954, 0.00096181, 1.36052, 0.980067, 0, 0.198669, 0,
 0.0474159, 1.43584e-08, 1.3225, 0.980067, 0, 0.198669, 0,
 0.0474159, 1.43584e-08, 1.3225, 0.980067, 0, 0.198669, 0,
 0.0479407, 8.16945e-09, 1.34942, 0.980067, 0, 0.198669, 0,
 -0.0538428, 0.00394506, 1.57636, 0.980067, 0, 0.198669, 0,
 -0.0208361, 0.0124999, 1.5983, 0.980067, 0, 0.198669, 0,
 -0.0208361, -0.0175001, 1.5983, 0.980067, 0, 0.198669, 0,
 -0.0524158, 0.0124999, 1.56005, 0.980067, 0, 0.198669, 0,
 0.0472586, -0.00300578, 1.12989, 1, 0, -0, 0,
 -0.0448562, -0.191235, 0.722545, -0.877583, 0, 0, 0.479426,
 0.033844, -0.320941, 0.877835, 0.850301, 0.118612, 0.217118, -0.464522,
 0.061539, -0.361528, 0.832555, 0.803075, -0.303564, 0.413242, -0.303564,
 0.144326, -0.497476, 0.743806, 0.803075, -0.303564, 0.413242, -0.303564,
 0.244854, -0.51539, 0.746781, -0.285995, 0.839705, 0.393399, 0.24154,
 0.210596, -0.556788, 0.714328, -0.781635, 0.419457, 0.452489, -0.0914241,
 0.318984, -0.452781, 0.833042, -0.285995, 0.839705, 0.393399, 0.24154,
 0.376423, -0.402433, 0.902914, 0.179776, -0.873359, -0.451926, -0.0262847,
 0.417531, -0.34752, 0.916464, -0.0418855, -0.890686, -0.431374, -0.137276,
 0.451216, -0.303233, 0.927257, -0.0418855, -0.890686, -0.431374, -0.137276,
 0.39889, -0.372037, 0.908767, -0.0418855, -0.890686, -0.431374, -0.137276,
 0.493236, -0.291834, 0.940276, 0.0349722, 0.911133, 0.386319, 0.139198,
 0.45184, -0.257573, 0.929275, -0.868013, 0.0486941, 0.135011, -0.475351,
 0.521172, -0.250676, 0.950242, -0.0418855, -0.890686, -0.431374, -0.137276,
 0.483703, -0.219702, 0.940425, 0.890686, -0.0418855, -0.137276, 0.431374,
 -0.0491989, 0.194023, 0.722545, -0.877583, 0, 0, -0.479426,
 0.0359917, 0.319562, 0.877835, 0.850301, -0.118612, 0.217118, 0.464522,
 0.0614936, 0.361649, 0.832696, 0.803075, 0.303564, 0.413242, 0.303564,
 0.144615, 0.496706, 0.742906, 0.803075, 0.303564, 0.413242, 0.303564,
 0.245654, 0.515918, 0.746491, -0.285995, -0.839705, 0.393399, -0.24154,
 0.210883, 0.556023, 0.713434, -0.781635, -0.419457, 0.452489, 0.0914241,
 0.317879, 0.452053, 0.833444, -0.285995, -0.839705, 0.393399, -0.24154,
 0.376795, 0.402679, 0.902779, 0.179776, 0.873359, -0.451926, 0.0262847,
 0.417092, 0.347158, 0.916352, -0.0418855, 0.890686, -0.431374, 0.137276,
 0.450881, 0.302957, 0.927172, -0.0418855, 0.890686, -0.431374, 0.137276,
 0.39889, 0.372037, 0.908767, -0.0418855, 0.890686, -0.431374, 0.137276,
 0.45172, 0.257591, 0.929687, 0.0486941, -0.868013, 0.475351, -0.135011,
 0.493356, 0.291815, 0.939863, 0.911133, 0.0349722, -0.139198, -0.386319,
 0.483632, 0.219713, 0.940668, -0.0418855, 0.890686, -0.431374, 0.137276,
 0.521242, 0.250665, 0.949999, -0.890686, -0.0418855, 0.137276, 0.431374,
 0, 0, 0.18, 1, 0, 0, 0,
 -0.13, 0, 0.55, 1, 0, 0, 0,
 0.108979, -0.435596, 0.78456, 0.803075, -0.303564, 0.413242, -0.303564,
 0.31419, -0.457802, 0.831344, -0.29955, 0.830764, 0.383179, 0.270698,
 0.469707, -0.278444, 0.933776, -0.0418855, -0.890686, -0.431374, -0.137276,
 0.108979, 0.435596, 0.78456, 0.803075, 0.303564, 0.413242, 0.303564,
 0.31419, 0.457802, 0.831344, -0.29955, -0.830764, 0.383179, -0.270698,
 0.469707, 0.278444, 0.933776, -0.0418855, 0.890686, -0.431374, 0.137276,
 0.508271, 0.2503, 0.946351, 0.0418855, -0.890686, 0.431374, -0.137276,
 0.487006, -0.23276, 0.940927, 0.0418855, 0.890686, 0.431374, 0.137276,
 0.404791, -0.364237, 0.910851, -0.579725, -0.753368, 0.191417, 0.244376,
 0.404791, 0.364237, 0.910851, 0.031525, 0.437371, -0.64258, -0.628336,
 0, 0, 0, 1, 0, 0, 0,
 0.15, 0, 0.890675, 1, 0, -1.11022e-16, 0,
 0.121345, 4.95118e-08, 1.3515, -0.589368, -0.390699, 0.390699, 0.589368,
 0.55, 0, 0.790675, 0.707107, 5.55112e-17, -5.55112e-17, -0.707107,
 0.093713, 3.09449e-08, 1.36318, 0.390699, -0.589368, 0.589368, -0.390699,
 -0.0208361, -0.0175001, 1.5983, 0.589368, 0.390699, -0.390699, -0.589368,
 0.0472586, -0.00300578, 1.12989, 0.5, -0.5, 0.5, -0.5,
 0.505116, -0.231648, 0.94628, 0.140075, -0.319237, -0.708725, 0.613335,
 0.505116, 0.231648, 0.94628, -0.613335, 0.708725, 0.319237, -0.140075,
 0, 0, 0, 1, 0, 0, 0,
 -0.0500001, 0, 0.890675, 0.707107, 0, -0.707107, 0,
 -0.05, 0, 0.790675, 0.707107, 0, -0.707107, 0,
 -0.0670703, 0, 1.27213, 0.707107, 0, -0.707107, 0,
 -0.0670703, 0, 1.27213, 0.707107, 0, -0.707107, 0,
 0.0489299, 0, 1.11768, -0.707107, 0, 0, -0.707107,
 0.0489299, 0, 1.11768, -0.707107, 0, 0, -0.707107,
 -0.0500001, -0.188, 0.890675, 0.620545, -0.339005, -0.620545, -0.339005,
 -0.0500001, -0.188, 0.890675, 0.707107, 0, -0.707107, 0,
 -0.0500001, 0.188, 0.890675, 0.620545, 0.339005, -0.620545, 0.339005,
 -0.0500001, 0.188, 0.890675, 0.707107, 0, -0.707107, 0,
 0.000929734, 0, 1.27213, -0.693012, -0.14048, -0.14048, -0.693012,
 0.000929734, 0, 1.27213, -0.707107, 0, 0, -0.707107,
 0.0040302, -0.272147, 0.890675, -0.92972, -0.237396, -0.069654, -0.272787,
 0.0040302, -0.272147, 0.890675, -0.95955, 0, 2.77556e-17, -0.28154,
 0.0040302, 0.272147, 0.890675, -0.272787, -0.069654, -0.237396, -0.92972,
 0.0040302, 0.272147, 0.890675, -0.28154, -5.55112e-17, 0, -0.95955,
 0.0040302, -0.272147, 0.890675, 0.803075, -0.303564, 0.413242, -0.303564,
 0.0040302, -0.272147, 0.890675, 0.850301, 0.118612, 0.217118, -0.464522,
 0.0040302, 0.272147, 0.890675, 0.803075, 0.303564, 0.413242, 0.303564,
 0.0040302, 0.272147, 0.890675, 0.850301, -0.118612, 0.217118, 0.464522,
 0.193694, -0.567532, 0.698905, 0.488053, -0.616559, -0.0233568, 0.617346,
 0.193694, -0.567532, 0.698905, 0.782512, 0.0775539, 0.506859, 0.353207,
 0.193694, 0.567532, 0.698905, 0.617346, -0.0233568, -0.616559, 0.488053,
 0.193694, 0.567532, 0.698905, 0.353207, 0.506859, 0.0775539, 0.782512,
 0.193694, -0.567532, 0.698905, -0.285995, 0.839705, 0.393399, 0.24154,
 0.193694, -0.567532, 0.698905, -0.781635, 0.419457, 0.452489, -0.0914241,
 0.193694, 0.567532, 0.698905, -0.285995, -0.839705, 0.393399, -0.24154,
 0.193694, 0.567532, 0.698905, -0.781635, -0.419457, 0.452489, 0.0914241,
 0.377881, -0.399803, 0.901348, -0.145707, 0.937118, -0.297998, -0.108535,
 0.377881, -0.399803, 0.901348, -0.373024, 0.871937, -0.315586, -0.0314346,
 0.377881, 0.399803, 0.901348, -0.108535, -0.297998, 0.937118, -0.145707,
 0.377881, 0.399803, 0.901348, -0.0314346, -0.315586, 0.871937, -0.373024,
 0.377881, -0.399803, 0.901348, -0.0418855, -0.890686, -0.431374, -0.137276,
 0.377881, -0.399803, 0.901348, 0.179776, -0.873359, -0.451926, -0.0262847,
 0.377881, 0.399803, 0.901348, -0.0418855, 0.890686, -0.431374, 0.137276,
 0.377881, 0.399803, 0.901348, 0.179776, 0.873359, -0.451926, 0.0262847,
 0.451847, -0.318295, 0.926726, -0.297898, -0.742696, -0.24844, 0.54584,
 0.451847, -0.318295, 0.926726, -0.334645, -0.726879, -0.27541, 0.532741,
 0.436708, -0.305809, 0.922865, 0.301692, -0.518311, -0.370556, -0.709245,
 0.436708, -0.305809, 0.922865, 0.27541, -0.532741, -0.334645, -0.726879,
 0.436708, 0.305809, 0.922865, -0.370556, 0.709245, -0.301692, -0.518311,
 0.436708, 0.305809, 0.922865, -0.334645, 0.726879, -0.27541, -0.532741,
 0.451847, 0.318295, 0.926726, 0.24844, 0.54584, -0.297898, 0.742696,
 0.451847, 0.318295, 0.926726, 0.27541, 0.532741, -0.334645, 0.726879,
 0.515841, -0.256544, 0.948282, -0.27541, 0.532741, 0.334645, 0.726879,
 0.515841, -0.256544, 0.948282, -0.24844, 0.54584, 0.297898, 0.742696,
 0.479436, -0.226517, 0.938997, 0.334645, 0.726879, 0.27541, -0.532741,
 0.479436, -0.226517, 0.938997, 0.370556, 0.709245, 0.301692, -0.518311,
 0.479436, 0.226517, 0.938997, -0.27541, -0.532741, 0.334645, -0.726879,
 0.479436, 0.226517, 0.938997, -0.301692, -0.518311, 0.370556, -0.709245,
 0.515841, 0.256544, 0.948281, 0.334645, -0.726879, 0.27541, 0.532741,
 0.515841, 0.256544, 0.948281, 0.297898, -0.742696, 0.24844, 0.54584,
 0.487006, -0.23276, 0.940927, 0.0674513, -0.934838, 0.324783, -0.126686,
 0.479436, -0.226517, 0.938997, 0.0674513, -0.934838, 0.324783, -0.126686,
 0.508271, 0.2503, 0.946351, -0.126686, 0.324783, -0.934838, 0.0674513,
 0.515841, 0.256544, 0.948281, -0.126686, 0.324783, -0.934838, 0.0674513,
 -0.300005, 1.10001, 0.749998, -0.707108, -8.32667e-17, 2.77556e-17, -0.707108,
 1.38778e-17, 1.15, 0.75, 0.707107, 0, 0, 0.707107,
 0.299993, 0.850007, 0.750005, -0.707108, -2.77556e-17, 2.77556e-17, -0.707108,
 0.1, 1.1, 0.6, 0.707107, 0, 0, 0.707107,
 0.8, 0, 0.6, 1, 0, 0, 0,
 -0.300005, 1.10001, 0.749998, -0.707108, -8.32667e-17, 2.77556e-17, -0.707108,
 1.38778e-17, 1.15, 0.75, 0.707107, 0, 0, 0.707107,
 0.299993, 0.850007, 0.750005, -0.707108, -2.77556e-17, 2.77556e-17, -0.707108,
 ], x:[[0, 0, 0, 0.1, 0, 0, -1, 1, 0.4, 0.5, 0.5, -1, 1, -2, -2, -1.5, 1.5, -0.5, -0.5, -0.5, 0.5, 0.1, 0.1, 0.01, 0.01, 0.868455, 0.178018, -0.681663, -0.53274, -0.726877, -0.275409, 0.334644], [0, 0, 0, 0.1, 0, 0, -1, 1, 0.4, 0.5, 0.5, -1, 1, -2, -2, -1.5, 1.5, -0.5, -0.5, -0.5, 0.5, 0.1, 0.1, 0.01, 0.01, -0.105174, -0.0758376, 1.1933, 0.53274, 0.726877, -0.275409, 0.334644, 0.868455, 0.178018, -0.681663, -0.53274, -0.726877, -0.275409, 0.334644]], dual:[] },
QuaternionNorms:{ order:0, type:eq, feature:QuaternionNorms, vars:[1, 1] },
qItself#46:{ order:1, type:sos, feature:"qItself#46", vars:[1, 1] },
qItself#46:{ order:0, type:sos, feature:"qItself#46", vars:[1, 1] },
qZeroVel-blue:{ order:1, type:eq, feature:"qZeroVel-blue" },
TM_NoJumpToParent-1-blue:{ order:1, type:eq, feature:"TM_NoJumpToParent-1-blue", vars:[1] },
TM_NoJumpToParent-1-red:{ order:1, type:eq, feature:"TM_NoJumpToParent-1-red", vars:[0, 1] },
PairCollision-pr2L-red:{ order:0, type:eq, feature:"PairCollision-pr2L-red", vars:[0, 1] },
ProxyCost:{ order:0, type:sos, feature:ProxyCost, vars:[1, 1] }}KOMO_run_log: [
{ lagrangianQuery: True, errors: [0.43665, 0, 87.2537] },
{ lineSearch: 0, alpha: 1, beta: 1, f_x: 11273.8, f_y: 7335.54, wolfe: 1, accept: True },
{ newton: 1, evaluations: 2, f_x: 7335.54, alpha: 1.5 },
{ lagrangianQuery: True, errors: [3.05885, 0, 66.475] },
{ lineSearch: 0, alpha: 1, beta: 1, f_x: 7335.54, f_y: 4251.12, wolfe: 1, accept: True },
{ newton: 2, evaluations: 3, f_x: 4251.12, alpha: 1.5 },
{ lagrangianQuery: True, errors: [3.82346, 0, 46.2619] },
{ lineSearch: 0, alpha: 1, beta: 1, f_x: 4251.12, f_y: 2034.06, wolfe: 1, accept: True },
{ newton: 3, evaluations: 4, f_x: 2034.06, alpha: 1.5 },
{ lagrangianQuery: True, errors: [8.53989, 0, 27.2693] },
{ lineSearch: 0, alpha: 1, beta: 1, f_x: 2034.06, f_y: 700.628, wolfe: 1, accept: True },
{ newton: 4, evaluations: 5, f_x: 700.628, alpha: 1.5 },
{ lagrangianQuery: True, errors: [4.82544, 0, 15.6066] },
{ lineSearch: 0, alpha: 1, beta: 1, f_x: 700.628, f_y: 230.148, wolfe: 1, accept: True },
{ newton: 5, evaluations: 6, f_x: 230.148, alpha: 1.5 },
{ lagrangianQuery: True, errors: [0.957225, 0, 7.76756] },
{ lineSearch: 0, alpha: 1, beta: 1, f_x: 230.148, f_y: 52.7776, wolfe: 1, accept: True },
{ newton: 6, evaluations: 7, f_x: 52.7776, alpha: 1.5 },
{ lagrangianQuery: True, errors: [0.409605, 0, 2.20273] },
{ lineSearch: 0, alpha: 1, beta: 1, f_x: 52.7776, f_y: 3.98859, wolfe: 1, accept: True },
{ newton: 7, evaluations: 8, f_x: 3.98859, alpha: 1.5 },
{ lagrangianQuery: True, errors: [0.0116298, 0, 4.43628] },
{ lineSearch: 0, alpha: 1, beta: 1, f_x: 3.98859, f_y: 18.9911, wolfe: 0, accept: False },
{ lagrangianQuery: True, errors: [0.0909542, 0, 2.39196] },
{ lineSearch: 1, alpha: 0.5, beta: 1, f_x: 3.98859, f_y: 5.06845, wolfe: 0, accept: False },
{ lagrangianQuery: True, errors: [0.201368, 0, 1.97603] },
{ lineSearch: 2, alpha: 0.25, beta: 1, f_x: 3.98859, f_y: 3.23286, wolfe: 1, accept: True },
{ newton: 8, evaluations: 11, f_x: 3.23286, alpha: 0.375 },
{ lagrangianQuery: True, errors: [0.0949403, 0, 1.83132] },
{ lineSearch: 0, alpha: 0.375, beta: 1, f_x: 3.23286, f_y: 2.93026, wolfe: 1, accept: True },
{ newton: 9, evaluations: 12, f_x: 2.93026, alpha: 0.5625 },
{ lagrangianQuery: True, errors: [0.041445, 0, 0.833947] },
{ lineSearch: 0, alpha: 0.5625, beta: 1, f_x: 2.93026, f_y: 0.623385, wolfe: 1, accept: True },
{ newton: 10, evaluations: 13, f_x: 0.623385, alpha: 0.84375 },
{ lagrangianQuery: True, errors: [0.0135823, 0, 0.155676] },
{ lineSearch: 0, alpha: 0.84375, beta: 1, f_x: 0.623385, f_y: 0.0290714, wolfe: 1, accept: True },
{ newton: 11, evaluations: 14, f_x: 0.0290714, alpha: 1.26562 },
{ lagrangianQuery: True, errors: [0.00451369, 0, 0.664385] },
{ lineSearch: 0, alpha: 1, beta: 1, f_x: 0.0290714, f_y: 0.419231, wolfe: 0, accept: False },
{ lagrangianQuery: True, errors: [0.00847743, 0, 0.381828] },
{ lineSearch: 1, alpha: 0.5, beta: 1, f_x: 0.0290714, f_y: 0.140459, wolfe: 0, accept: False },
{ lagrangianQuery: True, errors: [0.0109142, 0, 0.256844] },
{ lineSearch: 2, alpha: 0.25, beta: 1, f_x: 0.0290714, f_y: 0.0653473, wolfe: 0, accept: False },
{ lagrangianQuery: True, errors: [0.0122225, 0, 0.198292] },
{ lineSearch: 3, alpha: 0.125, beta: 1, f_x: 0.0290714, f_y: 0.0414502, wolfe: 0, accept: False },
{ lagrangianQuery: True, errors: [0.0128963, 0, 0.169738] },
{ lineSearch: 4, alpha: 0.0625, beta: 1, f_x: 0.0290714, f_y: 0.0326345, wolfe: 0, accept: False },
{ lagrangianQuery: True, errors: [0.0132379, 0, 0.157196] },
{ lineSearch: 5, alpha: 0.03125, beta: 1, f_x: 0.0290714, f_y: 0.029366, wolfe: 0, accept: False },
{ lagrangianQuery: True, errors: [0.0134097, 0, 0.154861] },
{ lineSearch: 6, alpha: 0.015625, beta: 1, f_x: 0.0290714, f_y: 0.0288259, wolfe: 1, accept: True },
{ newton: 12, evaluations: 21, f_x: 0.0288259, alpha: 0.0234375 },
{ lagrangianQuery: True, errors: [0.0132621, 0, 0.154239] },
{ lineSearch: 0, alpha: 0.0234375, beta: 1, f_x: 0.0288259, f_y: 0.0287197, wolfe: 1, accept: True },
{ newton: 13, evaluations: 22, f_x: 0.0287197, alpha: 0.0351562 },
{ lagrangianQuery: True, errors: [0.0132549, 0, 0.150164] },
{ lineSearch: 0, alpha: 0.0351562, beta: 1, f_x: 0.0287197, f_y: 0.0280106, wolfe: 1, accept: True },
{ newton: 14, evaluations: 23, f_x: 0.0280106, alpha: 0.0527344 },
{ lagrangianQuery: True, errors: [0.0132927, 0, 0.142556] },
{ lineSearch: 0, alpha: 0.0527344, beta: 1, f_x: 0.0280106, f_y: 0.026665, wolfe: 1, accept: True },
{ newton: 15, evaluations: 24, f_x: 0.026665, alpha: 0.0791016 },
{ lagrangianQuery: True, errors: [0.0133423, 0, 0.131758] },
{ lineSearch: 0, alpha: 0.0791016, beta: 1, f_x: 0.026665, f_y: 0.0248662, wolfe: 1, accept: True },
{ newton: 16, evaluations: 25, f_x: 0.0248662, alpha: 0.118652 },
{ lagrangianQuery: True, errors: [0.0133423, 0, 0.131758] },
{ optConstraint: 1, mu: 5, nu: 5, L_x_beforeUpdate: 0.0248662, L_x_afterUpdate: 0.0940095, errors: [0.0133423, 0, 0.131758], lambda: [2.4309e-06, 0, 0, 0, 0, 0, 0, 0, 0, 0, 0, 0, 0, 0, 0, 0, 0, 0, 0, 0, 0, 0, 0, 0, 0, 0, 0, 0, 0, 0, 0, 0, 0, 0, 0, 0, 0, 0, 0, 0, 0, 0, 0, 0, 0, 0, 0, 0, 0, 0, 0, 3.41661e-05, 2.31172e-05, -5.46443e-07, 3.71339e-05, -7.88981e-06, -1.4293e-06, -1.48294e-06, 0, 0.00906006, -1.68464e-06, 0, 0, 0, 0, 0, 0, 0, 0, 0, 0, 0, 0, 0, 0, 0, 0, 0, 0, 0, 0, 0, 0, 0, 0, 0, 0, 0, 0, 0, 0, 0, 0, 0, 0, 0, 0, 0, 0, 0, 0, 0, 0, 0, 0, 0, 0, 0, 0, 0, 0, 0.0110972, 0.0113067, 0.0027531, 3.19974e-05, 0.0011251, -0.000323697, 0.014286, -0.213423, 0] },
{ lagrangianQuery: True, errors: [0.0134753, 0, 0.113252] },
{ lineSearch: 0, alpha: 0.118652, beta: 1, f_x: 0.0940095, f_y: 0.0759696, wolfe: 1, accept: True },
{ newton: 17, evaluations: 26, f_x: 0.0759696, alpha: 0.177979 },
{ lagrangianQuery: True, errors: [0.0136111, 0, 0.089592] },
{ lineSearch: 0, alpha: 0.177979, beta: 1, f_x: 0.0759696, f_y: 0.0562954, wolfe: 1, accept: True },
{ newton: 18, evaluations: 27, f_x: 0.0562954, alpha: 0.266968 },
{ lagrangianQuery: True, errors: [0.0137474, 0, 0.0594267] },
{ lineSearch: 0, alpha: 0.266968, beta: 1, f_x: 0.0562954, f_y: 0.0360918, wolfe: 1, accept: True },
{ newton: 19, evaluations: 28, f_x: 0.0360918, alpha: 0.400452 },
{ lagrangianQuery: True, errors: [0.0137636, 0, 0.0272181] },
{ lineSearch: 0, alpha: 0.400452, beta: 1, f_x: 0.0360918, f_y: 0.0208152, wolfe: 1, accept: True },
{ newton: 20, evaluations: 29, f_x: 0.0208152, alpha: 0.600677 },
{ lagrangianQuery: True, errors: [0.0132349, 0, 0.0118955] },
{ lineSearch: 0, alpha: 0.600677, beta: 1, f_x: 0.0208152, f_y: 0.0156049, wolfe: 1, accept: True },
{ newton: 21, evaluations: 30, f_x: 0.0156049, alpha: 0.901016 },
{ lagrangianQuery: True, errors: [0.0132349, 0, 0.0118955] },
{ optConstraint: 2, mu: 25, nu: 25, L_x_beforeUpdate: 0.0156049, L_x_afterUpdate: 0.0181462, errors: [0.0132349, 0, 0.0118955], lambda: [1.99602e-06, 0, 0, 0, 0, 0, 0, 0, 0, 0, 0, 0, 0, 0, 0, 0, 0, 0, 0, 0, 0, 0, 0, 0, 0, 0, 0, 0, 0, 0, 0, 0, 0, 0, 0, 0, 0, 0, 0, 0, 0, 0, 0, 0, 0, 0, 0, 0, 0, 0, 0, 5.82262e-05, 3.94602e-05, -6.84539e-06, 0.000222803, -1.14079e-05, -7.567e-06, -2.9686e-06, 0, 0.0111891, -1.29548e-06, 0, 0, 0, 0, 0, 0, 0, 0, 0, 0, 0, 0, 0, 0, 0, 0, 0, 0, 0, 0, 0, 0, 0, 0, 0, 0, 0, 0, 0, 0, 0, 0, 0, 0, 0, 0, 0, 0, 0, 0, 0, 0, 0, 0, 0, 0, 0, 0, 0, 0, 0.0108111, 0.0153799, -0.0102146, 0.000217548, -0.00196936, 0.00146733, 0.017596, -0.304296, 0] },
{ lagrangianQuery: True, errors: [0.0123904, 0, 0.00523799] },
{ lineSearch: 0, alpha: 0.901016, beta: 1, f_x: 0.0181462, f_y: 0.0120014, wolfe: 1, accept: True },
{ newton: 22, evaluations: 31, f_x: 0.0120014, alpha: 1.35152 },
{ lagrangianQuery: True, errors: [0.010091, 0, 0.233086] },
{ lineSearch: 0, alpha: 1, beta: 1, f_x: 0.0120014, f_y: 1.3551, wolfe: 0, accept: False },
{ lagrangianQuery: True, errors: [0.0112254, 0, 0.0431002] },
{ lineSearch: 1, alpha: 0.5, beta: 1, f_x: 0.0120014, f_y: 0.065938, wolfe: 0, accept: False },
{ lagrangianQuery: True, errors: [0.0118046, 0, 0.0168167] },
{ lineSearch: 2, alpha: 0.25, beta: 1, f_x: 0.0120014, f_y: 0.0217295, wolfe: 0, accept: False },
{ lagrangianQuery: True, errors: [0.0120967, 0, 0.00855311] },
{ lineSearch: 3, alpha: 0.125, beta: 1, f_x: 0.0120014, f_y: 0.014747, wolfe: 0, accept: False },
{ lagrangianQuery: True, errors: [0.0122434, 0, 0.0044432] },
{ lineSearch: 4, alpha: 0.0625, beta: 1, f_x: 0.0120014, f_y: 0.0127739, wolfe: 0, accept: False },
{ newton: 23, evaluations: 36, f_x: 0.0120014, alpha: 0.03125 },
{ lagrangianQuery: True, errors: [0.0123168, 0, 0.00409746] },
{ lineSearch: 0, alpha: 0.03125, beta: 1, f_x: 0.0120014, f_y: 0.0121577, wolfe: 0, accept: False },
{ newton: 24, evaluations: 37, f_x: 0.0120014, alpha: 0.015625 },
{ lagrangianQuery: True, errors: [0.0123536, 0, 0.00494768] },
{ lineSearch: 0, alpha: 0.015625, beta: 1, f_x: 0.0120014, f_y: 0.0120091, wolfe: 0, accept: False },
{ newton: 25, evaluations: 38, f_x: 0.0120014, alpha: 0.0078125 },
{ lagrangianQuery: True, errors: [0.012372, 0, 0.00516284] },
{ lineSearch: 0, alpha: 0.0078125, beta: 1, f_x: 0.0120014, f_y: 0.0119899, wolfe: 1, accept: True },
{ newton: 26, evaluations: 39, f_x: 0.0119899, alpha: 0.0117188 },
{ lagrangianQuery: True, errors: [0.0123512, 0, 0.0050654] },
{ lineSearch: 0, alpha: 0.0117188, beta: 1, f_x: 0.0119899, f_y: 0.0119764, wolfe: 1, accept: True },
{ newton: 27, evaluations: 40, f_x: 0.0119764, alpha: 0.0175781 },
{ lagrangianQuery: True, errors: [0.0123281, 0, 0.00498249] },
{ lineSearch: 0, alpha: 0.0175781, beta: 1, f_x: 0.0119764, f_y: 0.0119514, wolfe: 1, accept: True },
{ newton: 28, evaluations: 41, f_x: 0.0119514, alpha: 0.0263672 },
{ lagrangianQuery: True, errors: [0.0122994, 0, 0.00495012] },
{ lineSearch: 0, alpha: 0.0263672, beta: 1, f_x: 0.0119514, f_y: 0.0119012, wolfe: 1, accept: True },
{ newton: 29, evaluations: 42, f_x: 0.0119012, alpha: 0.0395508 },
{ lagrangianQuery: True, errors: [0.0122994, 0, 0.00495012] },
{ optConstraint: 3, mu: 125, nu: 125, L_x_beforeUpdate: 0.0119012, L_x_afterUpdate: 0.012676, errors: [0.0122994, 0, 0.00495012], lambda: [6.98338e-07, 0, 0, 0, 0, 0, 0, 0, 0, 0, 0, 0, 0, 0, 0, 0, 0, 0, 0, 0, 0, 0, 0, 0, 0, 0, 0, 0, 0, 0, 0, 0, 0, 0, 0, 0, 0, 0, 0, 0, 0, 0, 0, 0, 0, 0, 0, 0, 0, 0, 0, 7.20759e-05, 4.33326e-05, 1.91674e-05, 0.00115115, -4.75105e-06, -1.04988e-05, -1.40332e-06, 0, 0.0350229, 6.06858e-08, 0, 0, 0, 0, 0, 0, 0, 0, 0, 0, 0, 0, 0, 0, 0, 0, 0, 0, 0, 0, 0, 0, 0, 0, 0, 0, 0, 0, 0, 0, 0, 0, 0, 0, 0, 0, 0, 0, 0, 0, 0, 0, 0, 0, 0, 0, 0, 0, 0, 0, 0.0236535, 0.0549336, 0.006494, 0.00114399, 0.00716926, 0.0117331, 0.0590313, -0.212481, 0] },
{ lagrangianQuery: True, errors: [0.0122542, 0, 0.00475736] },
{ lineSearch: 0, alpha: 0.0395508, beta: 1, f_x: 0.012676, f_y: 0.012593, wolfe: 1, accept: True },
{ newton: 30, evaluations: 43, f_x: 0.012593, alpha: 0.0593262 },
{ lagrangianQuery: True, errors: [0.0121866, 0, 0.00448314] },
{ lineSearch: 0, alpha: 0.0593262, beta: 1, f_x: 0.012593, f_y: 0.0124743, wolfe: 1, accept: True },
{ newton: 31, evaluations: 44, f_x: 0.0124743, alpha: 0.0889893 },
{ lagrangianQuery: True, errors: [0.0120861, 0, 0.00410299] },
{ lineSearch: 0, alpha: 0.0889893, beta: 1, f_x: 0.0124743, f_y: 0.0123079, wolfe: 1, accept: True },
{ newton: 32, evaluations: 45, f_x: 0.0123079, alpha: 0.133484 },
{ lagrangianQuery: True, errors: [0.011937, 0, 0.00359901] },
{ lineSearch: 0, alpha: 0.133484, beta: 1, f_x: 0.0123079, f_y: 0.0120809, wolfe: 1, accept: True },
{ newton: 33, evaluations: 46, f_x: 0.0120809, alpha: 0.200226 },
{ lagrangianQuery: True, errors: [0.0117171, 0, 0.00293884] },
{ lineSearch: 0, alpha: 0.200226, beta: 1, f_x: 0.0120809, f_y: 0.0117778, wolfe: 1, accept: True },
{ newton: 34, evaluations: 47, f_x: 0.0117778, alpha: 0.300339 },
{ lagrangianQuery: True, errors: [0.0117171, 0, 0.00293884] },
{ optConstraint: 4, mu: 625, nu: 625, L_x_beforeUpdate: 0.0117778, L_x_afterUpdate: 0.0133058, errors: [0.0117171, 0, 0.00293884], lambda: [-3.01354e-06, 0, 0, 0, 0, 0, 0, 0, 0, 0, 0, 0, 0, 0, 0, 0, 0, 0, 0, 0, 0, 0, 0, 0, 0, 0, 0, 0, 0, 0, 0, 0, 0, 0, 0, 0, 0, 0, 0, 0, 0, 0, 0, 0, 0, 0, 0, 0, 0, 0, 0, 0.000105955, 4.93075e-05, 9.7759e-05, 0.00579289, 1.43956e-05, -1.65099e-05, 3.65132e-06, 0, 0.0995837, 3.90266e-06, 0, 0, 0, 0, 0, 0, 0, 0, 0, 0, 0, 0, 0, 0, 0, 0, 0, 0, 0, 0, 0, 0, 0, 0, 0, 0, 0, 0, 0, 0, 0, 0, 0, 0, 0, 0, 0, 0, 0, 0, 0, 0, 0, 0, 0, 0, 0, 0, 0, 0, 0.058087, 0.165119, 0.0497799, 0.0057829, 0.0319757, 0.0409766, 0.171523, 0.0937847, 0] },
{ lagrangianQuery: True, errors: [0.0113882, 0, 0.00185293] },
{ lineSearch: 0, alpha: 0.300339, beta: 1, f_x: 0.0133058, f_y: 0.0118591, wolfe: 1, accept: True },
{ newton: 35, evaluations: 48, f_x: 0.0118591, alpha: 0.450508 },
{ lagrangianQuery: True, errors: [0.0104809, 0, 0.0291587] },
{ lineSearch: 0, alpha: 0.450508, beta: 1, f_x: 0.0118591, f_y: 0.486626, wolfe: 0, accept: False },
{ lagrangianQuery: True, errors: [0.0109327, 0, 0.0143437] },
{ lineSearch: 1, alpha: 0.225254, beta: 1, f_x: 0.0118591, f_y: 0.120294, wolfe: 0, accept: False },
{ lagrangianQuery: True, errors: [0.01116, 0, 0.00749377] },
{ lineSearch: 2, alpha: 0.112627, beta: 1, f_x: 0.0118591, f_y: 0.0353013, wolfe: 0, accept: False },
{ lagrangianQuery: True, errors: [0.011274, 0, 0.00413633] },
{ lineSearch: 3, alpha: 0.0563135, beta: 1, f_x: 0.0118591, f_y: 0.0161684, wolfe: 0, accept: False },
{ newton: 36, evaluations: 52, f_x: 0.0118591, alpha: 0.0281568 },
{ lagrangianQuery: True, errors: [0.011331, 0, 0.00249878] },
{ lineSearch: 0, alpha: 0.0281568, beta: 1, f_x: 0.0118591, f_y: 0.012342, wolfe: 0, accept: False },
{ newton: 37, evaluations: 53, f_x: 0.0118591, alpha: 0.0140784 },
{ lagrangianQuery: True, errors: [0.0113596, 0, 0.00199871] },
{ lineSearch: 0, alpha: 0.0140784, beta: 1, f_x: 0.0118591, f_y: 0.0119003, wolfe: 0, accept: False },
{ newton: 38, evaluations: 54, f_x: 0.0118591, alpha: 0.00703919 },
{ lagrangianQuery: True, errors: [0.0113739, 0, 0.00188153] },
{ lineSearch: 0, alpha: 0.00703919, beta: 1, f_x: 0.0118591, f_y: 0.0118551, wolfe: 1, accept: True },
{ newton: 39, evaluations: 55, f_x: 0.0118551, alpha: 0.0105588 },
{ lagrangianQuery: True, errors: [0.0113566, 0, 0.00192029] },
{ lineSearch: 0, alpha: 0.0105588, beta: 1, f_x: 0.0118551, f_y: 0.0118556, wolfe: 0, accept: False },
{ newton: 40, evaluations: 56, f_x: 0.0118551, alpha: 0.00527939 },
{ lagrangianQuery: True, errors: [0.0113653, 0, 0.00188526] },
{ lineSearch: 0, alpha: 0.00527939, beta: 1, f_x: 0.0118551, f_y: 0.0118478, wolfe: 1, accept: True },
{ newton: 41, evaluations: 57, f_x: 0.0118478, alpha: 0.00791909 },
{ lagrangianQuery: True, errors: [0.0113539, 0, 0.00189201] },
{ lineSearch: 0, alpha: 0.00791909, beta: 1, f_x: 0.0118478, f_y: 0.0118394, wolfe: 1, accept: True },
{ newton: 42, evaluations: 58, f_x: 0.0118394, alpha: 0.0118786 },
{ lagrangianQuery: True, errors: [0.0113391, 0, 0.00189611] },
{ lineSearch: 0, alpha: 0.0118786, beta: 1, f_x: 0.0118394, f_y: 0.0118273, wolfe: 1, accept: True },
{ newton: 43, evaluations: 59, f_x: 0.0118273, alpha: 0.0178179 },

] #end of KOMO_run_log
