SKELETON:
  initial (pr2R) from 0 to 2
  initial (pr2L) from 0 to 2
  initial (red) from 0 to 2
  initial (green) from 0 to 2
  initial (blue) from 0 to 2
  initial (table1) from 0 to 2
  initial (table2) from 0 to 2
  touch (pr2R green) from 1 to 2
  stable (pr2R green) from 1 to 2
  touch (pr2L blue) from 2 to 2
  stable (pr2L blue) from 2 to 2
SWITCHES:
  START  -->  stable (pr2R green) from 1 to 2
  START  -->  stable (pr2L blue) from 2 to 2
KOMO Problem:
  x-dim:71  dual-dim:0
  T:2 k:1 phases:2 stepsPerPhase:1 tau:10
  #configurations:3 q-dims: (0..0)25 (1..1)32 (2..2)39
    times:[10, 20]
  usingSwift:1
    TASK 'QuaternionNorms' ([1, 1])  type:eq  order:0  target:[]  scale:[3]
    TASK 'qItself#46' ([1, 1])  type:sos  order:1  target:[]  scale:[0.316228, 0.316228, 0.316228, 94.8683, 0.00316228, 0.0316228, 0.0316228, 0.0316228, 0.00316228, 0.0316228, 0.0316228, 0.0316228, 0.0316228, 0.0316228, 0.0316228, 0.0316228, 0.0316228, 0.0316228, 0.0316228, 0.0316228, 0.0316228, 0.0316228, 0.0316228, 0.0316228, 0.0316228]
    TASK 'qItself#46' ([1, 1])  type:sos  order:0  target:[]  scale:[0.0316228]
    TASK 'qZeroVel-green' ()  type:eq  order:1  target:[]  scale:[10]
    TASK 'TM_NoJumpToParent-1-green' ([1])  type:eq  order:1  target:[]  scale:[100]
    TASK 'TM_NoJumpToParent-1-blue' ([0, 1])  type:eq  order:1  target:[]  scale:[100]
    TASK 'PairCollision-pr2L-blue' ([0, 1])  type:eq  order:0  target:[]  scale:[100]
    TASK 'ProxyCost' ([1, 1])  type:sos  order:0  target:[]  scale:[10]
    SWITCH  timeOfApplication=0  symbol=joint  jointType=free  fromId=105  toId=165
    SWITCH  timeOfApplication=1  symbol=joint  jointType=free  fromId=106  toId=166
{KOMO_specs:{ x_dim:71, T:2, k_order:1, tau:10, useSwift, X:[
0, 0, 0, 1, 0, 0, 0,
 0, 0, 0, 1, 0, 0, 0,
 -0.0500001, 0, 0.890675, 0.707107, 0, -0.707107, 0,
 -0.0670703, 0, 1.27213, 0.707107, 0, -0.707107, 0,
 0.0489299, 0, 1.11768, -0.707107, 0, 0, -0.707107,
 -0.0500001, -0.188, 0.890675, 0.620545, -0.339005, -0.620545, -0.339005,
 -0.0500001, 0.188, 0.890675, 0.620545, 0.339005, -0.620545, 0.339005,
 0.000929734, 0, 1.27213, -0.693012, -0.14048, -0.14048, -0.693012,
 0.0040302, -0.272147, 0.890675, -0.92972, -0.237396, -0.069654, -0.272787,
 0.0040302, 0.272147, 0.890675, -0.272787, -0.069654, -0.237396, -0.92972,
 0.0040302, -0.272147, 0.890675, 0.803075, -0.303564, 0.413242, -0.303564,
 0.0040302, 0.272147, 0.890675, 0.803075, 0.303564, 0.413242, 0.303564,
 0.193694, -0.567532, 0.698905, 0.488053, -0.616559, -0.0233568, 0.617346,
 0.193694, 0.567532, 0.698905, 0.617346, -0.0233568, -0.616559, 0.488053,
 0.193694, -0.567532, 0.698905, -0.285995, 0.839705, 0.393399, 0.24154,
 0.193694, 0.567532, 0.698905, -0.285995, -0.839705, 0.393399, -0.24154,
 0.377881, -0.399803, 0.901348, -0.145707, 0.937118, -0.297998, -0.108535,
 0.377881, 0.399803, 0.901348, -0.108535, -0.297998, 0.937118, -0.145707,
 0.39889, -0.372037, 0.908767, -0.0418855, -0.890686, -0.431374, -0.137276,
 0.39889, 0.372037, 0.908767, -0.0418855, 0.890686, -0.431374, 0.137276,
 0.451847, -0.318295, 0.926726, -0.297898, -0.742696, -0.24844, 0.54584,
 0.436708, -0.305809, 0.922865, 0.301692, -0.518311, -0.370556, -0.709245,
 0.436708, 0.305809, 0.922865, -0.370556, 0.709245, -0.301692, -0.518311,
 0.451847, 0.318295, 0.926726, 0.24844, 0.54584, -0.297898, 0.742696,
 0.515841, -0.256544, 0.948282, -0.27541, 0.532741, 0.334645, 0.726879,
 0.479436, -0.226517, 0.938997, 0.334645, 0.726879, 0.27541, -0.532741,
 0.479436, 0.226517, 0.938997, -0.27541, -0.532741, 0.334645, -0.726879,
 0.515841, 0.256544, 0.948281, 0.334645, -0.726879, 0.27541, 0.532741,
 0.487006, -0.23276, 0.940927, 0.0674513, -0.934838, 0.324783, -0.126686,
 0.508271, 0.2503, 0.946351, -0.126686, 0.324783, -0.934838, 0.0674513,
 -0.0282159, 0.00517696, 0.272424, 1, 0, 0, 0,
 0, 0, 0, 1, 0, 0, 0,
 -0.29, 0, 0.851, 1, 0, 0, 0,
 0.21838, 0.225407, 0.180919, 1, 0, 0, 0,
 0.224225, 0.270791, 0.0789213, 1, 0, 0, 0,
 0.224225, 0.172791, 0.0789213, 1, 0, 0, 0,
 0.21838, -0.223793, 0.180919, 1, 0, 0, 0,
 0.224225, -0.178409, 0.0789213, 1, 0, 0, 0,
 0.224225, -0.276409, 0.0789213, 1, 0, 0, 0,
 -0.23082, 0.225407, 0.180919, 1, 0, 0, 0,
 -0.224975, 0.270791, 0.0789213, 1, 0, 0, 0,
 -0.224975, 0.172791, 0.0789213, 1, 0, 0, 0,
 -0.23082, -0.223793, 0.180919, 1, 0, 0, 0,
 -0.224975, -0.178409, 0.0789213, 1, 0, 0, 0,
 -0.224975, -0.276409, 0.0789213, 1, 0, 0, 0,
 -0.116563, -0.00108579, 1.01135, -1, 0, 0, -0,
 -0.026643, 0.000777182, 1.26448, -1, 0, 0, -0,
 0.03954, 0.00096181, 1.36052, 0.980067, 0, 0.198669, 0,
 0.0474159, 1.43584e-08, 1.3225, 0.980067, 0, 0.198669, 0,
 0.0474159, 1.43584e-08, 1.3225, 0.980067, 0, 0.198669, 0,
 0.0479407, 8.16945e-09, 1.34942, 0.980067, 0, 0.198669, 0,
 -0.0538428, 0.00394506, 1.57636, 0.980067, 0, 0.198669, 0,
 -0.0208361, 0.0124999, 1.5983, 0.980067, 0, 0.198669, 0,
 -0.0208361, -0.0175001, 1.5983, 0.980067, 0, 0.198669, 0,
 -0.0524158, 0.0124999, 1.56005, 0.980067, 0, 0.198669, 0,
 0.0472586, -0.00300578, 1.12989, 1, 0, -0, 0,
 -0.0448562, -0.191235, 0.722545, -0.877583, 0, 0, 0.479426,
 0.033844, -0.320941, 0.877835, 0.850301, 0.118612, 0.217118, -0.464522,
 0.061539, -0.361528, 0.832555, 0.803075, -0.303564, 0.413242, -0.303564,
 0.144326, -0.497476, 0.743806, 0.803075, -0.303564, 0.413242, -0.303564,
 0.244854, -0.51539, 0.746781, -0.285995, 0.839705, 0.393399, 0.24154,
 0.210596, -0.556788, 0.714328, -0.781635, 0.419457, 0.452489, -0.0914241,
 0.318984, -0.452781, 0.833042, -0.285995, 0.839705, 0.393399, 0.24154,
 0.376423, -0.402433, 0.902914, 0.179776, -0.873359, -0.451926, -0.0262847,
 0.417531, -0.34752, 0.916464, -0.0418855, -0.890686, -0.431374, -0.137276,
 0.451216, -0.303233, 0.927257, -0.0418855, -0.890686, -0.431374, -0.137276,
 0.39889, -0.372037, 0.908767, -0.0418855, -0.890686, -0.431374, -0.137276,
 0.493236, -0.291834, 0.940276, 0.0349722, 0.911133, 0.386319, 0.139198,
 0.45184, -0.257573, 0.929275, -0.868013, 0.0486941, 0.135011, -0.475351,
 0.521172, -0.250676, 0.950242, -0.0418855, -0.890686, -0.431374, -0.137276,
 0.483703, -0.219702, 0.940425, 0.890686, -0.0418855, -0.137276, 0.431374,
 -0.0491989, 0.194023, 0.722545, -0.877583, 0, 0, -0.479426,
 0.0359917, 0.319562, 0.877835, 0.850301, -0.118612, 0.217118, 0.464522,
 0.0614936, 0.361649, 0.832696, 0.803075, 0.303564, 0.413242, 0.303564,
 0.144615, 0.496706, 0.742906, 0.803075, 0.303564, 0.413242, 0.303564,
 0.245654, 0.515918, 0.746491, -0.285995, -0.839705, 0.393399, -0.24154,
 0.210883, 0.556023, 0.713434, -0.781635, -0.419457, 0.452489, 0.0914241,
 0.317879, 0.452053, 0.833444, -0.285995, -0.839705, 0.393399, -0.24154,
 0.376795, 0.402679, 0.902779, 0.179776, 0.873359, -0.451926, 0.0262847,
 0.417092, 0.347158, 0.916352, -0.0418855, 0.890686, -0.431374, 0.137276,
 0.450881, 0.302957, 0.927172, -0.0418855, 0.890686, -0.431374, 0.137276,
 0.39889, 0.372037, 0.908767, -0.0418855, 0.890686, -0.431374, 0.137276,
 0.45172, 0.257591, 0.929687, 0.0486941, -0.868013, 0.475351, -0.135011,
 0.493356, 0.291815, 0.939863, 0.911133, 0.0349722, -0.139198, -0.386319,
 0.483632, 0.219713, 0.940668, -0.0418855, 0.890686, -0.431374, 0.137276,
 0.521242, 0.250665, 0.949999, -0.890686, -0.0418855, 0.137276, 0.431374,
 0, 0, 0.18, 1, 0, 0, 0,
 -0.13, 0, 0.55, 1, 0, 0, 0,
 0.108979, -0.435596, 0.78456, 0.803075, -0.303564, 0.413242, -0.303564,
 0.31419, -0.457802, 0.831344, -0.29955, 0.830764, 0.383179, 0.270698,
 0.469707, -0.278444, 0.933776, -0.0418855, -0.890686, -0.431374, -0.137276,
 0.108979, 0.435596, 0.78456, 0.803075, 0.303564, 0.413242, 0.303564,
 0.31419, 0.457802, 0.831344, -0.29955, -0.830764, 0.383179, -0.270698,
 0.469707, 0.278444, 0.933776, -0.0418855, 0.890686, -0.431374, 0.137276,
 0.508271, 0.2503, 0.946351, 0.0418855, -0.890686, 0.431374, -0.137276,
 0.487006, -0.23276, 0.940927, 0.0418855, 0.890686, 0.431374, 0.137276,
 0.404791, -0.364237, 0.910851, -0.579725, -0.753368, 0.191417, 0.244376,
 0.404791, 0.364237, 0.910851, 0.031525, 0.437371, -0.64258, -0.628336,
 0, 0, 0, 1, 0, 0, 0,
 0.15, 0, 0.890675, 1, 0, -1.11022e-16, 0,
 0.121345, 4.95118e-08, 1.3515, -0.589368, -0.390699, 0.390699, 0.589368,
 0.55, 0, 0.790675, 0.707107, 5.55112e-17, -5.55112e-17, -0.707107,
 0.093713, 3.09449e-08, 1.36318, 0.390699, -0.589368, 0.589368, -0.390699,
 -0.0208361, -0.0175001, 1.5983, 0.589368, 0.390699, -0.390699, -0.589368,
 0.0472586, -0.00300578, 1.12989, 0.5, -0.5, 0.5, -0.5,
 0.505116, -0.231648, 0.94628, 0.140075, -0.319237, -0.708725, 0.613335,
 0.505116, 0.231648, 0.94628, -0.613335, 0.708725, 0.319237, -0.140075,
 0, 0, 0, 1, 0, 0, 0,
 -0.0500001, 0, 0.890675, 0.707107, 0, -0.707107, 0,
 -0.05, 0, 0.790675, 0.707107, 0, -0.707107, 0,
 -0.0670703, 0, 1.27213, 0.707107, 0, -0.707107, 0,
 -0.0670703, 0, 1.27213, 0.707107, 0, -0.707107, 0,
 0.0489299, 0, 1.11768, -0.707107, 0, 0, -0.707107,
 0.0489299, 0, 1.11768, -0.707107, 0, 0, -0.707107,
 -0.0500001, -0.188, 0.890675, 0.620545, -0.339005, -0.620545, -0.339005,
 -0.0500001, -0.188, 0.890675, 0.707107, 0, -0.707107, 0,
 -0.0500001, 0.188, 0.890675, 0.620545, 0.339005, -0.620545, 0.339005,
 -0.0500001, 0.188, 0.890675, 0.707107, 0, -0.707107, 0,
 0.000929734, 0, 1.27213, -0.693012, -0.14048, -0.14048, -0.693012,
 0.000929734, 0, 1.27213, -0.707107, 0, 0, -0.707107,
 0.0040302, -0.272147, 0.890675, -0.92972, -0.237396, -0.069654, -0.272787,
 0.0040302, -0.272147, 0.890675, -0.95955, 0, 2.77556e-17, -0.28154,
 0.0040302, 0.272147, 0.890675, -0.272787, -0.069654, -0.237396, -0.92972,
 0.0040302, 0.272147, 0.890675, -0.28154, -5.55112e-17, 0, -0.95955,
 0.0040302, -0.272147, 0.890675, 0.803075, -0.303564, 0.413242, -0.303564,
 0.0040302, -0.272147, 0.890675, 0.850301, 0.118612, 0.217118, -0.464522,
 0.0040302, 0.272147, 0.890675, 0.803075, 0.303564, 0.413242, 0.303564,
 0.0040302, 0.272147, 0.890675, 0.850301, -0.118612, 0.217118, 0.464522,
 0.193694, -0.567532, 0.698905, 0.488053, -0.616559, -0.0233568, 0.617346,
 0.193694, -0.567532, 0.698905, 0.782512, 0.0775539, 0.506859, 0.353207,
 0.193694, 0.567532, 0.698905, 0.617346, -0.0233568, -0.616559, 0.488053,
 0.193694, 0.567532, 0.698905, 0.353207, 0.506859, 0.0775539, 0.782512,
 0.193694, -0.567532, 0.698905, -0.285995, 0.839705, 0.393399, 0.24154,
 0.193694, -0.567532, 0.698905, -0.781635, 0.419457, 0.452489, -0.0914241,
 0.193694, 0.567532, 0.698905, -0.285995, -0.839705, 0.393399, -0.24154,
 0.193694, 0.567532, 0.698905, -0.781635, -0.419457, 0.452489, 0.0914241,
 0.377881, -0.399803, 0.901348, -0.145707, 0.937118, -0.297998, -0.108535,
 0.377881, -0.399803, 0.901348, -0.373024, 0.871937, -0.315586, -0.0314346,
 0.377881, 0.399803, 0.901348, -0.108535, -0.297998, 0.937118, -0.145707,
 0.377881, 0.399803, 0.901348, -0.0314346, -0.315586, 0.871937, -0.373024,
 0.377881, -0.399803, 0.901348, -0.0418855, -0.890686, -0.431374, -0.137276,
 0.377881, -0.399803, 0.901348, 0.179776, -0.873359, -0.451926, -0.0262847,
 0.377881, 0.399803, 0.901348, -0.0418855, 0.890686, -0.431374, 0.137276,
 0.377881, 0.399803, 0.901348, 0.179776, 0.873359, -0.451926, 0.0262847,
 0.451847, -0.318295, 0.926726, -0.297898, -0.742696, -0.24844, 0.54584,
 0.451847, -0.318295, 0.926726, -0.334645, -0.726879, -0.27541, 0.532741,
 0.436708, -0.305809, 0.922865, 0.301692, -0.518311, -0.370556, -0.709245,
 0.436708, -0.305809, 0.922865, 0.27541, -0.532741, -0.334645, -0.726879,
 0.436708, 0.305809, 0.922865, -0.370556, 0.709245, -0.301692, -0.518311,
 0.436708, 0.305809, 0.922865, -0.334645, 0.726879, -0.27541, -0.532741,
 0.451847, 0.318295, 0.926726, 0.24844, 0.54584, -0.297898, 0.742696,
 0.451847, 0.318295, 0.926726, 0.27541, 0.532741, -0.334645, 0.726879,
 0.515841, -0.256544, 0.948282, -0.27541, 0.532741, 0.334645, 0.726879,
 0.515841, -0.256544, 0.948282, -0.24844, 0.54584, 0.297898, 0.742696,
 0.479436, -0.226517, 0.938997, 0.334645, 0.726879, 0.27541, -0.532741,
 0.479436, -0.226517, 0.938997, 0.370556, 0.709245, 0.301692, -0.518311,
 0.479436, 0.226517, 0.938997, -0.27541, -0.532741, 0.334645, -0.726879,
 0.479436, 0.226517, 0.938997, -0.301692, -0.518311, 0.370556, -0.709245,
 0.515841, 0.256544, 0.948281, 0.334645, -0.726879, 0.27541, 0.532741,
 0.515841, 0.256544, 0.948281, 0.297898, -0.742696, 0.24844, 0.54584,
 0.487006, -0.23276, 0.940927, 0.0674513, -0.934838, 0.324783, -0.126686,
 0.479436, -0.226517, 0.938997, 0.0674513, -0.934838, 0.324783, -0.126686,
 0.508271, 0.2503, 0.946351, -0.126686, 0.324783, -0.934838, 0.0674513,
 0.515841, 0.256544, 0.948281, -0.126686, 0.324783, -0.934838, 0.0674513,
 -0.3, 1.1, 0.75, 0.707107, 0, 0, 0.707107,
 -1.1805e-05, 1.15001, 0.750006, -0.707108, -2.77556e-17, 2.77556e-17, -0.707108,
 0.3, 0.85, 0.75, 0.707107, 0, 0, 0.707107,
 0.1, 1.1, 0.6, 0.707107, 0, 0, 0.707107,
 0.8, 0, 0.6, 1, 0, 0, 0,
 -0.3, 1.1, 0.75, 0.707107, 0, 0, 0.707107,
 -1.1805e-05, 1.15001, 0.750006, -0.707108, -2.77556e-17, 2.77556e-17, -0.707108,
 0.3, 0.85, 0.75, 0.707107, 0, 0, 0.707107,
 
0, 0, 0, 1, 0, 0, 0,
 0, 0, 0, 1, 0, 0, 0,
 -0.0500001, 0, 0.890675, 0.707107, 0, -0.707107, 0,
 -0.0670703, 0, 1.27213, 0.707107, 0, -0.707107, 0,
 0.0489299, 0, 1.11768, -0.707107, 0, 0, -0.707107,
 -0.0500001, -0.188, 0.890675, 0.620545, -0.339005, -0.620545, -0.339005,
 -0.0500001, 0.188, 0.890675, 0.620545, 0.339005, -0.620545, 0.339005,
 0.000929734, 0, 1.27213, -0.693012, -0.14048, -0.14048, -0.693012,
 0.0040302, -0.272147, 0.890675, -0.92972, -0.237396, -0.069654, -0.272787,
 0.0040302, 0.272147, 0.890675, -0.272787, -0.069654, -0.237396, -0.92972,
 0.0040302, -0.272147, 0.890675, 0.803075, -0.303564, 0.413242, -0.303564,
 0.0040302, 0.272147, 0.890675, 0.803075, 0.303564, 0.413242, 0.303564,
 0.193694, -0.567532, 0.698905, 0.488053, -0.616559, -0.0233568, 0.617346,
 0.193694, 0.567532, 0.698905, 0.617346, -0.0233568, -0.616559, 0.488053,
 0.193694, -0.567532, 0.698905, -0.285995, 0.839705, 0.393399, 0.24154,
 0.193694, 0.567532, 0.698905, -0.285995, -0.839705, 0.393399, -0.24154,
 0.377881, -0.399803, 0.901348, -0.145707, 0.937118, -0.297998, -0.108535,
 0.377881, 0.399803, 0.901348, -0.108535, -0.297998, 0.937118, -0.145707,
 0.39889, -0.372037, 0.908767, -0.0418855, -0.890686, -0.431374, -0.137276,
 0.39889, 0.372037, 0.908767, -0.0418855, 0.890686, -0.431374, 0.137276,
 0.451847, -0.318295, 0.926726, -0.297898, -0.742696, -0.24844, 0.54584,
 0.436708, -0.305809, 0.922865, 0.301692, -0.518311, -0.370556, -0.709245,
 0.436708, 0.305809, 0.922865, -0.370556, 0.709245, -0.301692, -0.518311,
 0.451847, 0.318295, 0.926726, 0.24844, 0.54584, -0.297898, 0.742696,
 0.515841, -0.256544, 0.948282, -0.27541, 0.532741, 0.334645, 0.726879,
 0.479436, -0.226517, 0.938997, 0.334645, 0.726879, 0.27541, -0.532741,
 0.479436, 0.226517, 0.938997, -0.27541, -0.532741, 0.334645, -0.726879,
 0.515841, 0.256544, 0.948281, 0.334645, -0.726879, 0.27541, 0.532741,
 0.487006, -0.23276, 0.940927, 0.0674513, -0.934838, 0.324783, -0.126686,
 0.508271, 0.2503, 0.946351, -0.126686, 0.324783, -0.934838, 0.0674513,
 -0.0282159, 0.00517696, 0.272424, 1, 0, 0, 0,
 0, 0, 0, 1, 0, 0, 0,
 -0.29, 0, 0.851, 1, 0, 0, 0,
 0.21838, 0.225407, 0.180919, 1, 0, 0, 0,
 0.224225, 0.270791, 0.0789213, 1, 0, 0, 0,
 0.224225, 0.172791, 0.0789213, 1, 0, 0, 0,
 0.21838, -0.223793, 0.180919, 1, 0, 0, 0,
 0.224225, -0.178409, 0.0789213, 1, 0, 0, 0,
 0.224225, -0.276409, 0.0789213, 1, 0, 0, 0,
 -0.23082, 0.225407, 0.180919, 1, 0, 0, 0,
 -0.224975, 0.270791, 0.0789213, 1, 0, 0, 0,
 -0.224975, 0.172791, 0.0789213, 1, 0, 0, 0,
 -0.23082, -0.223793, 0.180919, 1, 0, 0, 0,
 -0.224975, -0.178409, 0.0789213, 1, 0, 0, 0,
 -0.224975, -0.276409, 0.0789213, 1, 0, 0, 0,
 -0.116563, -0.00108579, 1.01135, -1, 0, 0, -0,
 -0.026643, 0.000777182, 1.26448, -1, 0, 0, -0,
 0.03954, 0.00096181, 1.36052, 0.980067, 0, 0.198669, 0,
 0.0474159, 1.43584e-08, 1.3225, 0.980067, 0, 0.198669, 0,
 0.0474159, 1.43584e-08, 1.3225, 0.980067, 0, 0.198669, 0,
 0.0479407, 8.16945e-09, 1.34942, 0.980067, 0, 0.198669, 0,
 -0.0538428, 0.00394506, 1.57636, 0.980067, 0, 0.198669, 0,
 -0.0208361, 0.0124999, 1.5983, 0.980067, 0, 0.198669, 0,
 -0.0208361, -0.0175001, 1.5983, 0.980067, 0, 0.198669, 0,
 -0.0524158, 0.0124999, 1.56005, 0.980067, 0, 0.198669, 0,
 0.0472586, -0.00300578, 1.12989, 1, 0, -0, 0,
 -0.0448562, -0.191235, 0.722545, -0.877583, 0, 0, 0.479426,
 0.033844, -0.320941, 0.877835, 0.850301, 0.118612, 0.217118, -0.464522,
 0.061539, -0.361528, 0.832555, 0.803075, -0.303564, 0.413242, -0.303564,
 0.144326, -0.497476, 0.743806, 0.803075, -0.303564, 0.413242, -0.303564,
 0.244854, -0.51539, 0.746781, -0.285995, 0.839705, 0.393399, 0.24154,
 0.210596, -0.556788, 0.714328, -0.781635, 0.419457, 0.452489, -0.0914241,
 0.318984, -0.452781, 0.833042, -0.285995, 0.839705, 0.393399, 0.24154,
 0.376423, -0.402433, 0.902914, 0.179776, -0.873359, -0.451926, -0.0262847,
 0.417531, -0.34752, 0.916464, -0.0418855, -0.890686, -0.431374, -0.137276,
 0.451216, -0.303233, 0.927257, -0.0418855, -0.890686, -0.431374, -0.137276,
 0.39889, -0.372037, 0.908767, -0.0418855, -0.890686, -0.431374, -0.137276,
 0.493236, -0.291834, 0.940276, 0.0349722, 0.911133, 0.386319, 0.139198,
 0.45184, -0.257573, 0.929275, -0.868013, 0.0486941, 0.135011, -0.475351,
 0.521172, -0.250676, 0.950242, -0.0418855, -0.890686, -0.431374, -0.137276,
 0.483703, -0.219702, 0.940425, 0.890686, -0.0418855, -0.137276, 0.431374,
 -0.0491989, 0.194023, 0.722545, -0.877583, 0, 0, -0.479426,
 0.0359917, 0.319562, 0.877835, 0.850301, -0.118612, 0.217118, 0.464522,
 0.0614936, 0.361649, 0.832696, 0.803075, 0.303564, 0.413242, 0.303564,
 0.144615, 0.496706, 0.742906, 0.803075, 0.303564, 0.413242, 0.303564,
 0.245654, 0.515918, 0.746491, -0.285995, -0.839705, 0.393399, -0.24154,
 0.210883, 0.556023, 0.713434, -0.781635, -0.419457, 0.452489, 0.0914241,
 0.317879, 0.452053, 0.833444, -0.285995, -0.839705, 0.393399, -0.24154,
 0.376795, 0.402679, 0.902779, 0.179776, 0.873359, -0.451926, 0.0262847,
 0.417092, 0.347158, 0.916352, -0.0418855, 0.890686, -0.431374, 0.137276,
 0.450881, 0.302957, 0.927172, -0.0418855, 0.890686, -0.431374, 0.137276,
 0.39889, 0.372037, 0.908767, -0.0418855, 0.890686, -0.431374, 0.137276,
 0.45172, 0.257591, 0.929687, 0.0486941, -0.868013, 0.475351, -0.135011,
 0.493356, 0.291815, 0.939863, 0.911133, 0.0349722, -0.139198, -0.386319,
 0.483632, 0.219713, 0.940668, -0.0418855, 0.890686, -0.431374, 0.137276,
 0.521242, 0.250665, 0.949999, -0.890686, -0.0418855, 0.137276, 0.431374,
 0, 0, 0.18, 1, 0, 0, 0,
 -0.13, 0, 0.55, 1, 0, 0, 0,
 0.108979, -0.435596, 0.78456, 0.803075, -0.303564, 0.413242, -0.303564,
 0.31419, -0.457802, 0.831344, -0.29955, 0.830764, 0.383179, 0.270698,
 0.469707, -0.278444, 0.933776, -0.0418855, -0.890686, -0.431374, -0.137276,
 0.108979, 0.435596, 0.78456, 0.803075, 0.303564, 0.413242, 0.303564,
 0.31419, 0.457802, 0.831344, -0.29955, -0.830764, 0.383179, -0.270698,
 0.469707, 0.278444, 0.933776, -0.0418855, 0.890686, -0.431374, 0.137276,
 0.508271, 0.2503, 0.946351, 0.0418855, -0.890686, 0.431374, -0.137276,
 0.487006, -0.23276, 0.940927, 0.0418855, 0.890686, 0.431374, 0.137276,
 0.404791, -0.364237, 0.910851, -0.579725, -0.753368, 0.191417, 0.244376,
 0.404791, 0.364237, 0.910851, 0.031525, 0.437371, -0.64258, -0.628336,
 0, 0, 0, 1, 0, 0, 0,
 0.15, 0, 0.890675, 1, 0, -1.11022e-16, 0,
 0.121345, 4.95118e-08, 1.3515, -0.589368, -0.390699, 0.390699, 0.589368,
 0.55, 0, 0.790675, 0.707107, 5.55112e-17, -5.55112e-17, -0.707107,
 0.093713, 3.09449e-08, 1.36318, 0.390699, -0.589368, 0.589368, -0.390699,
 -0.0208361, -0.0175001, 1.5983, 0.589368, 0.390699, -0.390699, -0.589368,
 0.0472586, -0.00300578, 1.12989, 0.5, -0.5, 0.5, -0.5,
 0.505116, -0.231648, 0.94628, 0.140075, -0.319237, -0.708725, 0.613335,
 0.505116, 0.231648, 0.94628, -0.613335, 0.708725, 0.319237, -0.140075,
 0, 0, 0, 1, 0, 0, 0,
 -0.0500001, 0, 0.890675, 0.707107, 0, -0.707107, 0,
 -0.05, 0, 0.790675, 0.707107, 0, -0.707107, 0,
 -0.0670703, 0, 1.27213, 0.707107, 0, -0.707107, 0,
 -0.0670703, 0, 1.27213, 0.707107, 0, -0.707107, 0,
 0.0489299, 0, 1.11768, -0.707107, 0, 0, -0.707107,
 0.0489299, 0, 1.11768, -0.707107, 0, 0, -0.707107,
 -0.0500001, -0.188, 0.890675, 0.620545, -0.339005, -0.620545, -0.339005,
 -0.0500001, -0.188, 0.890675, 0.707107, 0, -0.707107, 0,
 -0.0500001, 0.188, 0.890675, 0.620545, 0.339005, -0.620545, 0.339005,
 -0.0500001, 0.188, 0.890675, 0.707107, 0, -0.707107, 0,
 0.000929734, 0, 1.27213, -0.693012, -0.14048, -0.14048, -0.693012,
 0.000929734, 0, 1.27213, -0.707107, 0, 0, -0.707107,
 0.0040302, -0.272147, 0.890675, -0.92972, -0.237396, -0.069654, -0.272787,
 0.0040302, -0.272147, 0.890675, -0.95955, 0, 2.77556e-17, -0.28154,
 0.0040302, 0.272147, 0.890675, -0.272787, -0.069654, -0.237396, -0.92972,
 0.0040302, 0.272147, 0.890675, -0.28154, -5.55112e-17, 0, -0.95955,
 0.0040302, -0.272147, 0.890675, 0.803075, -0.303564, 0.413242, -0.303564,
 0.0040302, -0.272147, 0.890675, 0.850301, 0.118612, 0.217118, -0.464522,
 0.0040302, 0.272147, 0.890675, 0.803075, 0.303564, 0.413242, 0.303564,
 0.0040302, 0.272147, 0.890675, 0.850301, -0.118612, 0.217118, 0.464522,
 0.193694, -0.567532, 0.698905, 0.488053, -0.616559, -0.0233568, 0.617346,
 0.193694, -0.567532, 0.698905, 0.782512, 0.0775539, 0.506859, 0.353207,
 0.193694, 0.567532, 0.698905, 0.617346, -0.0233568, -0.616559, 0.488053,
 0.193694, 0.567532, 0.698905, 0.353207, 0.506859, 0.0775539, 0.782512,
 0.193694, -0.567532, 0.698905, -0.285995, 0.839705, 0.393399, 0.24154,
 0.193694, -0.567532, 0.698905, -0.781635, 0.419457, 0.452489, -0.0914241,
 0.193694, 0.567532, 0.698905, -0.285995, -0.839705, 0.393399, -0.24154,
 0.193694, 0.567532, 0.698905, -0.781635, -0.419457, 0.452489, 0.0914241,
 0.377881, -0.399803, 0.901348, -0.145707, 0.937118, -0.297998, -0.108535,
 0.377881, -0.399803, 0.901348, -0.373024, 0.871937, -0.315586, -0.0314346,
 0.377881, 0.399803, 0.901348, -0.108535, -0.297998, 0.937118, -0.145707,
 0.377881, 0.399803, 0.901348, -0.0314346, -0.315586, 0.871937, -0.373024,
 0.377881, -0.399803, 0.901348, -0.0418855, -0.890686, -0.431374, -0.137276,
 0.377881, -0.399803, 0.901348, 0.179776, -0.873359, -0.451926, -0.0262847,
 0.377881, 0.399803, 0.901348, -0.0418855, 0.890686, -0.431374, 0.137276,
 0.377881, 0.399803, 0.901348, 0.179776, 0.873359, -0.451926, 0.0262847,
 0.451847, -0.318295, 0.926726, -0.297898, -0.742696, -0.24844, 0.54584,
 0.451847, -0.318295, 0.926726, -0.334645, -0.726879, -0.27541, 0.532741,
 0.436708, -0.305809, 0.922865, 0.301692, -0.518311, -0.370556, -0.709245,
 0.436708, -0.305809, 0.922865, 0.27541, -0.532741, -0.334645, -0.726879,
 0.436708, 0.305809, 0.922865, -0.370556, 0.709245, -0.301692, -0.518311,
 0.436708, 0.305809, 0.922865, -0.334645, 0.726879, -0.27541, -0.532741,
 0.451847, 0.318295, 0.926726, 0.24844, 0.54584, -0.297898, 0.742696,
 0.451847, 0.318295, 0.926726, 0.27541, 0.532741, -0.334645, 0.726879,
 0.515841, -0.256544, 0.948282, -0.27541, 0.532741, 0.334645, 0.726879,
 0.515841, -0.256544, 0.948282, -0.24844, 0.54584, 0.297898, 0.742696,
 0.479436, -0.226517, 0.938997, 0.334645, 0.726879, 0.27541, -0.532741,
 0.479436, -0.226517, 0.938997, 0.370556, 0.709245, 0.301692, -0.518311,
 0.479436, 0.226517, 0.938997, -0.27541, -0.532741, 0.334645, -0.726879,
 0.479436, 0.226517, 0.938997, -0.301692, -0.518311, 0.370556, -0.709245,
 0.515841, 0.256544, 0.948281, 0.334645, -0.726879, 0.27541, 0.532741,
 0.515841, 0.256544, 0.948281, 0.297898, -0.742696, 0.24844, 0.54584,
 0.487006, -0.23276, 0.940927, 0.0674513, -0.934838, 0.324783, -0.126686,
 0.479436, -0.226517, 0.938997, 0.0674513, -0.934838, 0.324783, -0.126686,
 0.508271, 0.2503, 0.946351, -0.126686, 0.324783, -0.934838, 0.0674513,
 0.515841, 0.256544, 0.948281, -0.126686, 0.324783, -0.934838, 0.0674513,
 -0.3, 1.1, 0.75, 0.707107, 0, 0, 0.707107,
 -1.1805e-05, 1.15001, 0.750006, -0.707108, -2.77556e-17, 2.77556e-17, -0.707108,
 0.299997, 0.850005, 0.749998, -0.707108, -8.32667e-17, 2.77556e-17, -0.707108,
 0.1, 1.1, 0.6, 0.707107, 0, 0, 0.707107,
 0.8, 0, 0.6, 1, 0, 0, 0,
 -0.3, 1.1, 0.75, 0.707107, 0, 0, 0.707107,
 -1.1805e-05, 1.15001, 0.750006, -0.707108, -2.77556e-17, 2.77556e-17, -0.707108,
 0.299997, 0.850005, 0.749998, -0.707108, -8.32667e-17, 2.77556e-17, -0.707108,
 ], x:[[0, 0, 0, 0.1, 0, 0, -1, 1, 0.4, 0.5, 0.5, -1, 1, -2, -2, -1.5, 1.5, -0.5, -0.5, -0.5, 0.5, 0.1, 0.1, 0.01, 0.01, 1.28284, 0.10696, -0.7386, -0.53274, -0.726877, -0.275409, 0.334644], [0, 0, 0, 0.1, 0, 0, -1, 1, 0.4, 0.5, 0.5, -1, 1, -2, -2, -1.5, 1.5, -0.5, -0.5, -0.5, 0.5, 0.1, 0.1, 0.01, 0.01, 1.28284, 0.10696, -0.7386, -0.53274, -0.726877, -0.275409, 0.334644, 0.192904, 0.103524, 0.64423, 0.53274, 0.726877, -0.275409, 0.334644]], dual:[] },
QuaternionNorms:{ order:0, type:eq, feature:QuaternionNorms, vars:[1, 1] },
qItself#46:{ order:1, type:sos, feature:"qItself#46", vars:[1, 1] },
qItself#46:{ order:0, type:sos, feature:"qItself#46", vars:[1, 1] },
qZeroVel-green:{ order:1, type:eq, feature:"qZeroVel-green" },
TM_NoJumpToParent-1-green:{ order:1, type:eq, feature:"TM_NoJumpToParent-1-green", vars:[1] },
TM_NoJumpToParent-1-blue:{ order:1, type:eq, feature:"TM_NoJumpToParent-1-blue", vars:[0, 1] },
PairCollision-pr2L-blue:{ order:0, type:eq, feature:"PairCollision-pr2L-blue", vars:[0, 1] },
ProxyCost:{ order:0, type:sos, feature:ProxyCost, vars:[1, 1] }}KOMO_run_log: [
{ lagrangianQuery: True, errors: [0.34838, 0, 34.6106] },
{ lineSearch: 0, alpha: 1, beta: 1, f_x: 2910.94, f_y: 1104.23, wolfe: 1, accept: True },
{ newton: 1, evaluations: 2, f_x: 1104.23, alpha: 1.5 },
{ lagrangianQuery: True, errors: [0.0502238, 0, 16.6202] },
{ lineSearch: 0, alpha: 1, beta: 1, f_x: 1104.23, f_y: 247.189, wolfe: 1, accept: True },
{ newton: 2, evaluations: 3, f_x: 247.189, alpha: 1.5 },
{ lagrangianQuery: True, errors: [1.35708, 0, 10.715] },
{ lineSearch: 0, alpha: 1, beta: 1, f_x: 247.189, f_y: 102.772, wolfe: 1, accept: True },
{ newton: 3, evaluations: 4, f_x: 102.772, alpha: 1.5 },
{ lagrangianQuery: True, errors: [0.123488, 0, 0.81411] },
{ lineSearch: 0, alpha: 1, beta: 1, f_x: 102.772, f_y: 0.470741, wolfe: 1, accept: True },
{ newton: 4, evaluations: 5, f_x: 0.470741, alpha: 1.5 },
{ lagrangianQuery: True, errors: [0.0150645, 0, 0.172651] },
{ lineSearch: 0, alpha: 1, beta: 1, f_x: 0.470741, f_y: 0.035382, wolfe: 1, accept: True },
{ newton: 5, evaluations: 6, f_x: 0.035382, alpha: 1.5 },
{ lagrangianQuery: True, errors: [0.325106, 0, 1.15258] },
{ lineSearch: 0, alpha: 1, beta: 1, f_x: 0.035382, f_y: 1.56628, wolfe: 0, accept: False },
{ lagrangianQuery: True, errors: [0.0669443, 0, 0.56882] },
{ lineSearch: 1, alpha: 0.5, beta: 1, f_x: 0.035382, f_y: 0.37045, wolfe: 0, accept: False },
{ lagrangianQuery: True, errors: [0.016462, 0, 0.28531] },
{ lineSearch: 2, alpha: 0.25, beta: 1, f_x: 0.035382, f_y: 0.0860674, wolfe: 0, accept: False },
{ lagrangianQuery: True, errors: [0.0132886, 0, 0.208959] },
{ lineSearch: 3, alpha: 0.125, beta: 1, f_x: 0.035382, f_y: 0.0468328, wolfe: 0, accept: False },
{ lagrangianQuery: True, errors: [0.0141593, 0, 0.174144] },
{ lineSearch: 4, alpha: 0.0625, beta: 1, f_x: 0.035382, f_y: 0.035542, wolfe: 0, accept: False },
{ lagrangianQuery: True, errors: [0.0146076, 0, 0.168592] },
{ lineSearch: 5, alpha: 0.03125, beta: 1, f_x: 0.035382, f_y: 0.0340955, wolfe: 1, accept: True },
{ newton: 6, evaluations: 12, f_x: 0.0340955, alpha: 0.046875 },
{ lagrangianQuery: True, errors: [0.0140312, 0, 0.177256] },
{ lineSearch: 0, alpha: 0.046875, beta: 1, f_x: 0.0340955, f_y: 0.0364838, wolfe: 0, accept: False },
{ lagrangianQuery: True, errors: [0.0143181, 0, 0.168815] },
{ lineSearch: 1, alpha: 0.0234375, beta: 1, f_x: 0.0340955, f_y: 0.0340946, wolfe: 0, accept: False },
{ newton: 7, evaluations: 14, f_x: 0.0340955, alpha: 0.0117188 },
{ lagrangianQuery: True, errors: [0.0144625, 0, 0.167658] },
{ lineSearch: 0, alpha: 0.0117188, beta: 1, f_x: 0.0340955, f_y: 0.033804, wolfe: 1, accept: True },
{ newton: 8, evaluations: 15, f_x: 0.033804, alpha: 0.0175781 },
{ lagrangianQuery: True, errors: [0.0143239, 0, 0.166762] },
{ lineSearch: 0, alpha: 0.0175781, beta: 1, f_x: 0.033804, f_y: 0.0335886, wolfe: 1, accept: True },
{ newton: 9, evaluations: 16, f_x: 0.0335886, alpha: 0.0263672 },
{ lagrangianQuery: True, errors: [0.0142851, 0, 0.164184] },
{ lineSearch: 0, alpha: 0.0263672, beta: 1, f_x: 0.0335886, f_y: 0.0330999, wolfe: 1, accept: True },
{ newton: 10, evaluations: 17, f_x: 0.0330999, alpha: 0.0395508 },
{ lagrangianQuery: True, errors: [0.0143261, 0, 0.157864] },
{ lineSearch: 0, alpha: 0.0395508, beta: 1, f_x: 0.0330999, f_y: 0.0318105, wolfe: 1, accept: True },
{ newton: 11, evaluations: 18, f_x: 0.0318105, alpha: 0.0593262 },
{ lagrangianQuery: True, errors: [0.0143261, 0, 0.157864] },
{ optConstraint: 1, mu: 5, nu: 5, L_x_beforeUpdate: 0.0318105, L_x_afterUpdate: 0.136717, errors: [0.0143261, 0, 0.157864], lambda: [1.40381e-06, 0, 0, 0, 0, 0, 0, 0, 0, 0, 0, 0, 0, 0, 0, 0, 0, 0, 0, 0, 0, 0, 0, 0, 0, 0, 0, 0, 0, 0, 0, 0, 0, 0, 0, 0, 0, 0, 0, 0, 0, 0, 0, 0, 0, 0, 0, 0, 0, 0, 0, 1.23022e-05, 3.16666e-08, 3.99065e-05, 3.71339e-05, -1.43598e-05, 3.87091e-05, 5.73609e-06, 0, -3.56256e-08, 0.00538353, 0, 0, 0, 0, 0, 0, 0, 0, 0, 0, 0, 0, 0, 0, 0, 0, 0, 0, 0, 0, 0, 0, 0, 0, 0, 0, 0, 0, 0, 0, 0, 0, 0, 0, 0, 0, 0, 0, 0, 0, 0, 0, 0, 0, 0, 0, 0, 0, 0, 0, 0.0161916, 0.00871725, 0.00643507, 3.33235e-05, 0.00212086, -0.00120081, 0.0121028, -0.263394, 0] },
{ lagrangianQuery: True, errors: [0.0144295, 0, 0.146784] },
{ lineSearch: 0, alpha: 0.0593262, beta: 1, f_x: 0.136717, f_y: 0.122695, wolfe: 1, accept: True },
{ newton: 12, evaluations: 19, f_x: 0.122695, alpha: 0.0889893 },
{ lagrangianQuery: True, errors: [0.0145696, 0, 0.131118] },
{ lineSearch: 0, alpha: 0.0889893, beta: 1, f_x: 0.122695, f_y: 0.10427, wolfe: 1, accept: True },
{ newton: 13, evaluations: 20, f_x: 0.10427, alpha: 0.133484 },
{ lagrangianQuery: True, errors: [0.0147128, 0, 0.111304] },
{ lineSearch: 0, alpha: 0.133484, beta: 1, f_x: 0.10427, f_y: 0.0836933, wolfe: 1, accept: True },
{ newton: 14, evaluations: 21, f_x: 0.0836933, alpha: 0.200226 },
{ lagrangianQuery: True, errors: [0.0149109, 0, 0.0828026] },
{ lineSearch: 0, alpha: 0.200226, beta: 1, f_x: 0.0836933, f_y: 0.0580651, wolfe: 1, accept: True },
{ newton: 15, evaluations: 22, f_x: 0.0580651, alpha: 0.300339 },
{ lagrangianQuery: True, errors: [0.0150604, 0, 0.049918] },
{ lineSearch: 0, alpha: 0.300339, beta: 1, f_x: 0.0580651, f_y: 0.0352614, wolfe: 1, accept: True },
{ newton: 16, evaluations: 23, f_x: 0.0352614, alpha: 0.450508 },
{ lagrangianQuery: True, errors: [0.0150604, 0, 0.049918] },
{ optConstraint: 2, mu: 25, nu: 25, L_x_beforeUpdate: 0.0352614, L_x_afterUpdate: 0.0891985, errors: [0.0150604, 0, 0.049918], lambda: [3.53021e-06, 0, 0, 0, 0, 0, 0, 0, 0, 0, 0, 0, 0, 0, 0, 0, 0, 0, 0, 0, 0, 0, 0, 0, 0, 0, 0, 0, 0, 0, 0, 0, 0, 0, 0, 0, 0, 0, 0, 0, 0, 0, 0, 0, 0, 0, 0, 0, 0, 0, 0, 5.09021e-05, 3.40276e-06, 9.49515e-05, 0.000222803, -3.56024e-05, 9.31589e-05, 1.7144e-05, 0, -8.90643e-08, 0.0145362, 0, 0, 0, 0, 0, 0, 0, 0, 0, 0, 0, 0, 0, 0, 0, 0, 0, 0, 0, 0, 0, 0, 0, 0, 0, 0, 0, 0, 0, 0, 0, 0, 0, 0, 0, 0, 0, 0, 0, 0, 0, 0, 0, 0, 0, 0, 0, 0, 0, 0, 0.0406066, 0.0228085, 0.0112752, 0.000216999, 0.000125936, -0.00306899, 0.0318846, -0.685874, 0] },
{ lagrangianQuery: True, errors: [0.0140075, 0, 0.0824887] },
{ lineSearch: 0, alpha: 0.450508, beta: 1, f_x: 0.0891985, f_y: 0.224272, wolfe: 0, accept: False },
{ lagrangianQuery: True, errors: [0.0145977, 0, 0.0535884] },
{ lineSearch: 1, alpha: 0.225254, beta: 1, f_x: 0.0891985, f_y: 0.106219, wolfe: 0, accept: False },
{ lagrangianQuery: True, errors: [0.0148455, 0, 0.0505599] },
{ lineSearch: 2, alpha: 0.112627, beta: 1, f_x: 0.0891985, f_y: 0.0939732, wolfe: 0, accept: False },
{ lagrangianQuery: True, errors: [0.0149571, 0, 0.049594] },
{ lineSearch: 3, alpha: 0.0563135, beta: 1, f_x: 0.0891985, f_y: 0.0897361, wolfe: 0, accept: False },
{ newton: 17, evaluations: 27, f_x: 0.0891985, alpha: 0.0281568 },
{ lagrangianQuery: True, errors: [0.0150098, 0, 0.0492486] },
{ lineSearch: 0, alpha: 0.0281568, beta: 1, f_x: 0.0891985, f_y: 0.0880486, wolfe: 1, accept: True },
{ newton: 18, evaluations: 28, f_x: 0.0880486, alpha: 0.0422351 },
{ lagrangianQuery: True, errors: [0.0149952, 0, 0.0465104] },
{ lineSearch: 0, alpha: 0.0422351, beta: 1, f_x: 0.0880486, f_y: 0.081653, wolfe: 1, accept: True },
{ newton: 19, evaluations: 29, f_x: 0.081653, alpha: 0.0633527 },
{ lagrangianQuery: True, errors: [0.014971, 0, 0.0425931] },
{ lineSearch: 0, alpha: 0.0633527, beta: 1, f_x: 0.081653, f_y: 0.0729706, wolfe: 1, accept: True },
{ newton: 20, evaluations: 30, f_x: 0.0729706, alpha: 0.0950291 },
{ lagrangianQuery: True, errors: [0.0149261, 0, 0.0371917] },
{ lineSearch: 0, alpha: 0.0950291, beta: 1, f_x: 0.0729706, f_y: 0.0619268, wolfe: 1, accept: True },
{ newton: 21, evaluations: 31, f_x: 0.0619268, alpha: 0.142544 },
{ lagrangianQuery: True, errors: [0.0148477, 0, 0.0299729] },
{ lineSearch: 0, alpha: 0.142544, beta: 1, f_x: 0.0619268, f_y: 0.0487802, wolfe: 1, accept: True },
{ newton: 22, evaluations: 32, f_x: 0.0487802, alpha: 0.213815 },

] #end of KOMO_run_log
