env 005:   006  008  020  021  027  032  045  052  062  067  068  071  
env 007:   006  030  021  027  032  045  052  062  067  068  071  
env 009:   006  008  020  021  027  032  045  052  062  067  068  071  
env 011:   006  007  020  021  027  032  045  052  057  067  068  071  
env 015:   006  007  020  021  027  033  045  052  062  067  068  071  
env 017:   006  008  030  021  027  032  045  052  057  067  068  071  
env 021:   006  008  020  011  056  032  045  052  062  067  068  071  
env 023:   006  008  020  011  018  032  045  052  062  067  068  071  
env 026:   006  007  030  021  027  032  045  052  057  067  068  071  
env 030:   006  008  021  027  033  045  052  062  067  068  071  
env 031:   006  008  030  021  027  033  045  052  062  067  068  071  
env 036:   006  008  030  021  027  033  045  052  062  067  068  071  
env 037:   006  007  020  021  027  033  045  052  062  067  068  071  
env 041:   006  007  030  021  027  032  045  052  062  067  068  071  
env 045:   006  007  030  021  027  033  052  062  067  068  071  
env 047:   006  007  030  021  027  032  045  052  057  067  068  071  
env 052:   006  007  020  021  027  032  045  057  067  068  071  
env 053:   006  007  030  021  027  032  045  052  062  067  068  071  
env 055:   006  008  030  021  027  032  045  052  062  067  068  071  
env 061:   006  008  030  021  027  032  045  052  057  067  068  071  
env 062:   006  007  030  021  027  032  045  052  067  068  071  
env 067:   006  008  020  021  032  045  052  057  068  071  
env 069:   006  007  020  011  032  045  052  057  067  068  071  
env 070:   006  008  020  011  056  032  045  052  062  067  068  071  
env 074:   006  008  020  011  018  033  045  052  062  067  068  071  
env 076:   006  007  020  011  032  045  052  062  067  068  071  
env 079:   006  008  020  021  018  033  045  052  062  067  068  071  
env 085:   006  007  020  021  027  032  045  052  062  067  068  071  
env 086:   006  007  020  011  027  033  045  052  062  067  068  071  
env 087:   006  007  020  011  027  033  045  052  062  067  068  071  
env 092:   006  007  020  011  027  032  045  052  062  067  068  071  
env 098:   006  007  020  011  027  032  045  052  057  067  068  071  
env 099:   006  007  020  011  027  032  045  052  057  067  068  071  
env 006:   007  030  021  027  032  045  052  062  067  068  071  
env 014:   006  007  030  021  027  032  045  052  062  067  068  071  
env 027:   006  007  030  021  033  045  052  062  067  068  071  
env 028:   006  008  030  021  027  033  045  052  062  067  068  071  
env 044:   006  007  030  021  027  033  045  052  062  067  068  071  
env 049:   006  007  030  021  027  032  045  052  057  067  068  071  
env 060:   006  007  030  021  027  032  045  052  062  067  068  071  
env 071:   006  007  020  011  032  045  052  057  067  068  
env 077:   006  007  020  011  018  033  045  052  062  067  068  071  
env 084:   006  007  020  011  027  032  045  052  062  067  068  071  
env 095:   006  007  020  011  027  032  045  052  062  067  068  071  
