env 201:   014   02   06   08   10  
env 202:   014   02   06   08   10  
env 203:   014   02   06   08   10  
env 205:   037  014   02   07   08   10  
env 206:   037  014   02   07   08   10  
env 207:   037  014   02   07   08   10  
env 209:    02   06   08   11  
env 210:    02   06   08   11  
env 211:    02   06   08   11  
env 213:   035   02   06   08   12  
env 214:   035   02   06   08   12  
env 215:   035   02   06   08   12  
env 217:   012  014   02   08   10  
env 218:   012  014   02   08   10  
env 219:   012  014   02   08   10  
env 221:   018   03   06   08   10  
env 222:   018   03   06   08   10  
env 223:   018   03   06   08   10  
env 225:    04   06   08   10  
env 226:    04   06   08   10  
env 227:    04   06   08   10  
env 229:    02   07   08   12  
env 230:    02   07   08   12  
env 231:    02   07   08   12  
env 233:   012   02   08   11  
env 234:   012   02   08   11  
env 235:   012   02   08   11  
env 237:   028  035   04   06   08   12  
env 238:   028  035   04   06   08   12  
env 239:   028  035   04   06   08   12  
env 241:   022  018   03   06   08   11  
env 242:   022  018   03   06   08   11  
env 243:   022  018   03   06   08   11  
env 245:   037   04   07   08   10  
env 246:   037   04   07   08   10  
env 247:   037   04   07   08   10  
env 249:    03   08   10  
env 250:    03   08   10  
env 251:    03   08   10  
