env 005:   011  012  013  014  015  016  017  018  019  020  055   02   07   12  
env 007:   011  012  013  014  015  016  017  018  019  020  056  060   02   07   13  
env 009:   011  012  013  014  015  016  017  018  019  020  060   02   08   12  
env 011:   011  012  013  014  015  016  017  018  019  020  023  028  061   02   03   08   13  
env 015:   011  012  013  014  015  016  017  018  019  020  056  060   02   07   13  
env 017:   011  012  013  014  015  016  017  018  019  020  060   02   08   12  
env 021:   011  012  013  014  015  016  017  018  019  020  023  027  060   02   03   08   12  
env 023:   011  012  013  014  015  016  017  018  019  020  022  027  055   02   03   07   12  
env 026:   011  012  013  014  015  016  017  018  019  020  061   02   08   13  
env 030:   011  012  013  014  015  016  017  018  019  020  055   02   07   12  
env 031:   011  012  013  014  015  016  017  018  019  020  055   02   07   12  
env 036:   011  012  013  014  015  016  017  018  019  020  055   02   07   12  
env 037:   011  012  013  014  015  016  017  018  019  020  056  060   02   07   13  
env 041:   011  012  013  014  015  016  017  018  019  020  056  060   02   07   13  
env 045:   011  012  013  014  015  016  017  018  019  020  056  060   02   07   13  
env 047:   011  012  013  014  015  016  017  018  019  020  061   02   08   13  
env 052:   011  012  013  014  015  016  017  018  019  020  061   02   08   13  
env 053:   011  012  013  014  015  016  017  018  019  020  061   02   08   13  
env 055:   011  012  013  014  015  016  017  018  019  020  060   02   08   12  
env 061:   011  012  013  014  015  016  017  018  019  020  060   02   08   12  
env 062:   011  012  013  014  015  016  017  018  019  020  060   02   08   12  
env 067:   011  012  013  014  015  016  017  018  019  020  023  027  060   02   03   08   12  
env 069:   011  012  013  014  015  016  017  018  019  020  023  027  060   02   03   08   12  
env 070:   011  012  013  014  015  016  017  018  019  020  023  027  060   02   03   08   12  
env 074:   011  012  013  014  015  016  017  018  019  020  022  027  055   02   03   07   12  
env 076:   011  012  013  014  015  016  017  018  019  020  022  027  055   02   03   07   12  
env 079:   011  012  013  014  015  016  017  018  019  020  022  027  055   02   03   07   12  
env 085:   011  012  013  014  015  016  017  018  019  020  022  028  056  060   02   03   07   13  
env 086:   011  012  013  014  015  016  017  018  019  020  022  028  056  060   02   03   07   13  
env 087:   011  012  013  014  015  016  017  018  019  020  022  028  056  060   02   03   07   13  
env 092:   011  012  013  014  015  016  017  018  019  020  023  028  061   02   03   08   13  
env 098:   011  012  013  014  015  016  017  018  019  020  023  028  061   02   03   08   13  
env 099:   011  012  013  014  015  016  017  018  019  020  023  028  061   02   03   08   13  
env 006:   011  012  013  014  015  016  017  018  019  020  061   02   08   13  
env 014:   011  012  013  014  015  016  017  018  019  020  061   02   08   13  
env 027:   011  012  013  014  015  016  017  018  019  020  055   02   07   12  
env 028:   011  012  013  014  015  016  017  018  019  020  055   02   07   12  
env 044:   011  012  013  014  015  016  017  018  019  020  056  060   02   07   13  
env 049:   011  012  013  014  015  016  017  018  019  020  061   02   08   13  
env 060:   011  012  013  014  015  016  017  018  019  020  060   02   08   12  
env 071:   011  012  013  014  015  016  017  018  019  020  023  027  060   02   03   08   12  
env 077:   011  012  013  014  015  016  017  018  019  020  022  027  055   02   03   07   12  
env 084:   011  012  013  014  015  016  017  018  019  020  022  028  056  060   02   03   07   13  
env 095:   011  012  013  014  015  016  017  018  019  020  023  028  061   02   03   08   13  
