SKELETON:
  initial (pr2R) from 0 to 2
  initial (pr2L) from 0 to 2
  initial (red) from 0 to 2
  initial (green) from 0 to 2
  initial (blue) from 0 to 2
  initial (cyan) from 0 to 2
  initial (tray) from 0 to 2
  initial (table1) from 0 to 2
  initial (table2) from 0 to 2
  touch (pr2R red) from 1 to 2
  stable (pr2R red) from 1 to 2
  touch (pr2L blue) from 2 to 2
  stable (pr2L blue) from 2 to 2
SWITCHES:
  START  -->  stable (pr2R red) from 1 to 2
  START  -->  stable (pr2L blue) from 2 to 2
KOMO Problem:
  x-dim:71  dual-dim:0
  T:2 k:1 phases:2 stepsPerPhase:1 tau:10
  #configurations:3 q-dims: (0..0)25 (1..1)32 (2..2)39
    times:[10, 20]
  usingSwift:1
    TASK 'QuaternionNorms' ([1, 1])  type:eq  order:0  target:[]  scale:[3]
    TASK 'qItself#46' ([1, 1])  type:sos  order:1  target:[]  scale:[0.316228, 0.316228, 0.316228, 94.8683, 0.00316228, 0.0316228, 0.0316228, 0.0316228, 0.00316228, 0.0316228, 0.0316228, 0.0316228, 0.0316228, 0.0316228, 0.0316228, 0.0316228, 0.0316228, 0.0316228, 0.0316228, 0.0316228, 0.0316228, 0.0316228, 0.0316228, 0.0316228, 0.0316228]
    TASK 'qItself#46' ([1, 1])  type:sos  order:0  target:[]  scale:[0.0316228]
    TASK 'qZeroVel-red' ()  type:eq  order:1  target:[]  scale:[10]
    TASK 'TM_NoJumpToParent-1-red' ([1])  type:eq  order:1  target:[]  scale:[100]
    TASK 'TM_NoJumpToParent-1-blue' ([0, 1])  type:eq  order:1  target:[]  scale:[100]
    TASK 'PairCollision-pr2L-blue' ([0, 1])  type:eq  order:0  target:[]  scale:[100]
    TASK 'ProxyCost' ([1, 1])  type:sos  order:0  target:[]  scale:[10]
    SWITCH  timeOfApplication=0  symbol=joint  jointType=free  fromId=105  toId=164
    SWITCH  timeOfApplication=1  symbol=joint  jointType=free  fromId=106  toId=166
{KOMO_specs:{ x_dim:71, T:2, k_order:1, tau:10, useSwift, X:[
0, 0, 0, 1, 0, 0, 0,
 0, 0, 0, 1, 0, 0, 0,
 -0.0500001, 0, 0.890675, 0.707107, 0, -0.707107, 0,
 -0.0670703, 0, 1.27213, 0.707107, 0, -0.707107, 0,
 0.0489299, 0, 1.11768, -0.707107, 0, 0, -0.707107,
 -0.0500001, -0.188, 0.890675, 0.620545, -0.339005, -0.620545, -0.339005,
 -0.0500001, 0.188, 0.890675, 0.620545, 0.339005, -0.620545, 0.339005,
 0.000929734, 0, 1.27213, -0.693012, -0.14048, -0.14048, -0.693012,
 0.0040302, -0.272147, 0.890675, -0.92972, -0.237396, -0.069654, -0.272787,
 0.0040302, 0.272147, 0.890675, -0.272787, -0.069654, -0.237396, -0.92972,
 0.0040302, -0.272147, 0.890675, 0.803075, -0.303564, 0.413242, -0.303564,
 0.0040302, 0.272147, 0.890675, 0.803075, 0.303564, 0.413242, 0.303564,
 0.193694, -0.567532, 0.698905, 0.488053, -0.616559, -0.0233568, 0.617346,
 0.193694, 0.567532, 0.698905, 0.617346, -0.0233568, -0.616559, 0.488053,
 0.193694, -0.567532, 0.698905, -0.285995, 0.839705, 0.393399, 0.24154,
 0.193694, 0.567532, 0.698905, -0.285995, -0.839705, 0.393399, -0.24154,
 0.377881, -0.399803, 0.901348, -0.145707, 0.937118, -0.297998, -0.108535,
 0.377881, 0.399803, 0.901348, -0.108535, -0.297998, 0.937118, -0.145707,
 0.39889, -0.372037, 0.908767, -0.0418855, -0.890686, -0.431374, -0.137276,
 0.39889, 0.372037, 0.908767, -0.0418855, 0.890686, -0.431374, 0.137276,
 0.451847, -0.318295, 0.926726, -0.297898, -0.742696, -0.24844, 0.54584,
 0.436708, -0.305809, 0.922865, 0.301692, -0.518311, -0.370556, -0.709245,
 0.436708, 0.305809, 0.922865, -0.370556, 0.709245, -0.301692, -0.518311,
 0.451847, 0.318295, 0.926726, 0.24844, 0.54584, -0.297898, 0.742696,
 0.515841, -0.256544, 0.948282, -0.27541, 0.532741, 0.334645, 0.726879,
 0.479436, -0.226517, 0.938997, 0.334645, 0.726879, 0.27541, -0.532741,
 0.479436, 0.226517, 0.938997, -0.27541, -0.532741, 0.334645, -0.726879,
 0.515841, 0.256544, 0.948281, 0.334645, -0.726879, 0.27541, 0.532741,
 0.487006, -0.23276, 0.940927, 0.0674513, -0.934838, 0.324783, -0.126686,
 0.508271, 0.2503, 0.946351, -0.126686, 0.324783, -0.934838, 0.0674513,
 -0.0282159, 0.00517696, 0.272424, 1, 0, 0, 0,
 0, 0, 0, 1, 0, 0, 0,
 -0.29, 0, 0.851, 1, 0, 0, 0,
 0.21838, 0.225407, 0.180919, 1, 0, 0, 0,
 0.224225, 0.270791, 0.0789213, 1, 0, 0, 0,
 0.224225, 0.172791, 0.0789213, 1, 0, 0, 0,
 0.21838, -0.223793, 0.180919, 1, 0, 0, 0,
 0.224225, -0.178409, 0.0789213, 1, 0, 0, 0,
 0.224225, -0.276409, 0.0789213, 1, 0, 0, 0,
 -0.23082, 0.225407, 0.180919, 1, 0, 0, 0,
 -0.224975, 0.270791, 0.0789213, 1, 0, 0, 0,
 -0.224975, 0.172791, 0.0789213, 1, 0, 0, 0,
 -0.23082, -0.223793, 0.180919, 1, 0, 0, 0,
 -0.224975, -0.178409, 0.0789213, 1, 0, 0, 0,
 -0.224975, -0.276409, 0.0789213, 1, 0, 0, 0,
 -0.116563, -0.00108579, 1.01135, -1, 0, 0, -0,
 -0.026643, 0.000777182, 1.26448, -1, 0, 0, -0,
 0.03954, 0.00096181, 1.36052, 0.980067, 0, 0.198669, 0,
 0.0474159, 1.43584e-08, 1.3225, 0.980067, 0, 0.198669, 0,
 0.0474159, 1.43584e-08, 1.3225, 0.980067, 0, 0.198669, 0,
 0.0479407, 8.16945e-09, 1.34942, 0.980067, 0, 0.198669, 0,
 -0.0538428, 0.00394506, 1.57636, 0.980067, 0, 0.198669, 0,
 -0.0208361, 0.0124999, 1.5983, 0.980067, 0, 0.198669, 0,
 -0.0208361, -0.0175001, 1.5983, 0.980067, 0, 0.198669, 0,
 -0.0524158, 0.0124999, 1.56005, 0.980067, 0, 0.198669, 0,
 0.0472586, -0.00300578, 1.12989, 1, 0, -0, 0,
 -0.0448562, -0.191235, 0.722545, -0.877583, 0, 0, 0.479426,
 0.033844, -0.320941, 0.877835, 0.850301, 0.118612, 0.217118, -0.464522,
 0.061539, -0.361528, 0.832555, 0.803075, -0.303564, 0.413242, -0.303564,
 0.144326, -0.497476, 0.743806, 0.803075, -0.303564, 0.413242, -0.303564,
 0.244854, -0.51539, 0.746781, -0.285995, 0.839705, 0.393399, 0.24154,
 0.210596, -0.556788, 0.714328, -0.781635, 0.419457, 0.452489, -0.0914241,
 0.318984, -0.452781, 0.833042, -0.285995, 0.839705, 0.393399, 0.24154,
 0.376423, -0.402433, 0.902914, 0.179776, -0.873359, -0.451926, -0.0262847,
 0.417531, -0.34752, 0.916464, -0.0418855, -0.890686, -0.431374, -0.137276,
 0.451216, -0.303233, 0.927257, -0.0418855, -0.890686, -0.431374, -0.137276,
 0.39889, -0.372037, 0.908767, -0.0418855, -0.890686, -0.431374, -0.137276,
 0.493236, -0.291834, 0.940276, 0.0349722, 0.911133, 0.386319, 0.139198,
 0.45184, -0.257573, 0.929275, -0.868013, 0.0486941, 0.135011, -0.475351,
 0.521172, -0.250676, 0.950242, -0.0418855, -0.890686, -0.431374, -0.137276,
 0.483703, -0.219702, 0.940425, 0.890686, -0.0418855, -0.137276, 0.431374,
 -0.0491989, 0.194023, 0.722545, -0.877583, 0, 0, -0.479426,
 0.0359917, 0.319562, 0.877835, 0.850301, -0.118612, 0.217118, 0.464522,
 0.0614936, 0.361649, 0.832696, 0.803075, 0.303564, 0.413242, 0.303564,
 0.144615, 0.496706, 0.742906, 0.803075, 0.303564, 0.413242, 0.303564,
 0.245654, 0.515918, 0.746491, -0.285995, -0.839705, 0.393399, -0.24154,
 0.210883, 0.556023, 0.713434, -0.781635, -0.419457, 0.452489, 0.0914241,
 0.317879, 0.452053, 0.833444, -0.285995, -0.839705, 0.393399, -0.24154,
 0.376795, 0.402679, 0.902779, 0.179776, 0.873359, -0.451926, 0.0262847,
 0.417092, 0.347158, 0.916352, -0.0418855, 0.890686, -0.431374, 0.137276,
 0.450881, 0.302957, 0.927172, -0.0418855, 0.890686, -0.431374, 0.137276,
 0.39889, 0.372037, 0.908767, -0.0418855, 0.890686, -0.431374, 0.137276,
 0.45172, 0.257591, 0.929687, 0.0486941, -0.868013, 0.475351, -0.135011,
 0.493356, 0.291815, 0.939863, 0.911133, 0.0349722, -0.139198, -0.386319,
 0.483632, 0.219713, 0.940668, -0.0418855, 0.890686, -0.431374, 0.137276,
 0.521242, 0.250665, 0.949999, -0.890686, -0.0418855, 0.137276, 0.431374,
 0, 0, 0.18, 1, 0, 0, 0,
 -0.13, 0, 0.55, 1, 0, 0, 0,
 0.108979, -0.435596, 0.78456, 0.803075, -0.303564, 0.413242, -0.303564,
 0.31419, -0.457802, 0.831344, -0.29955, 0.830764, 0.383179, 0.270698,
 0.469707, -0.278444, 0.933776, -0.0418855, -0.890686, -0.431374, -0.137276,
 0.108979, 0.435596, 0.78456, 0.803075, 0.303564, 0.413242, 0.303564,
 0.31419, 0.457802, 0.831344, -0.29955, -0.830764, 0.383179, -0.270698,
 0.469707, 0.278444, 0.933776, -0.0418855, 0.890686, -0.431374, 0.137276,
 0.508271, 0.2503, 0.946351, 0.0418855, -0.890686, 0.431374, -0.137276,
 0.487006, -0.23276, 0.940927, 0.0418855, 0.890686, 0.431374, 0.137276,
 0.404791, -0.364237, 0.910851, -0.579725, -0.753368, 0.191417, 0.244376,
 0.404791, 0.364237, 0.910851, 0.031525, 0.437371, -0.64258, -0.628336,
 0, 0, 0, 1, 0, 0, 0,
 0.15, 0, 0.890675, 1, 0, -1.11022e-16, 0,
 0.121345, 4.95118e-08, 1.3515, -0.589368, -0.390699, 0.390699, 0.589368,
 0.55, 0, 0.790675, 0.707107, 5.55112e-17, -5.55112e-17, -0.707107,
 0.093713, 3.09449e-08, 1.36318, 0.390699, -0.589368, 0.589368, -0.390699,
 -0.0208361, -0.0175001, 1.5983, 0.589368, 0.390699, -0.390699, -0.589368,
 0.0472586, -0.00300578, 1.12989, 0.5, -0.5, 0.5, -0.5,
 0.505116, -0.231648, 0.94628, 0.140075, -0.319237, -0.708725, 0.613335,
 0.505116, 0.231648, 0.94628, -0.613335, 0.708725, 0.319237, -0.140075,
 0, 0, 0, 1, 0, 0, 0,
 -0.0500001, 0, 0.890675, 0.707107, 0, -0.707107, 0,
 -0.05, 0, 0.790675, 0.707107, 0, -0.707107, 0,
 -0.0670703, 0, 1.27213, 0.707107, 0, -0.707107, 0,
 -0.0670703, 0, 1.27213, 0.707107, 0, -0.707107, 0,
 0.0489299, 0, 1.11768, -0.707107, 0, 0, -0.707107,
 0.0489299, 0, 1.11768, -0.707107, 0, 0, -0.707107,
 -0.0500001, -0.188, 0.890675, 0.620545, -0.339005, -0.620545, -0.339005,
 -0.0500001, -0.188, 0.890675, 0.707107, 0, -0.707107, 0,
 -0.0500001, 0.188, 0.890675, 0.620545, 0.339005, -0.620545, 0.339005,
 -0.0500001, 0.188, 0.890675, 0.707107, 0, -0.707107, 0,
 0.000929734, 0, 1.27213, -0.693012, -0.14048, -0.14048, -0.693012,
 0.000929734, 0, 1.27213, -0.707107, 0, 0, -0.707107,
 0.0040302, -0.272147, 0.890675, -0.92972, -0.237396, -0.069654, -0.272787,
 0.0040302, -0.272147, 0.890675, -0.95955, 0, 2.77556e-17, -0.28154,
 0.0040302, 0.272147, 0.890675, -0.272787, -0.069654, -0.237396, -0.92972,
 0.0040302, 0.272147, 0.890675, -0.28154, -5.55112e-17, 0, -0.95955,
 0.0040302, -0.272147, 0.890675, 0.803075, -0.303564, 0.413242, -0.303564,
 0.0040302, -0.272147, 0.890675, 0.850301, 0.118612, 0.217118, -0.464522,
 0.0040302, 0.272147, 0.890675, 0.803075, 0.303564, 0.413242, 0.303564,
 0.0040302, 0.272147, 0.890675, 0.850301, -0.118612, 0.217118, 0.464522,
 0.193694, -0.567532, 0.698905, 0.488053, -0.616559, -0.0233568, 0.617346,
 0.193694, -0.567532, 0.698905, 0.782512, 0.0775539, 0.506859, 0.353207,
 0.193694, 0.567532, 0.698905, 0.617346, -0.0233568, -0.616559, 0.488053,
 0.193694, 0.567532, 0.698905, 0.353207, 0.506859, 0.0775539, 0.782512,
 0.193694, -0.567532, 0.698905, -0.285995, 0.839705, 0.393399, 0.24154,
 0.193694, -0.567532, 0.698905, -0.781635, 0.419457, 0.452489, -0.0914241,
 0.193694, 0.567532, 0.698905, -0.285995, -0.839705, 0.393399, -0.24154,
 0.193694, 0.567532, 0.698905, -0.781635, -0.419457, 0.452489, 0.0914241,
 0.377881, -0.399803, 0.901348, -0.145707, 0.937118, -0.297998, -0.108535,
 0.377881, -0.399803, 0.901348, -0.373024, 0.871937, -0.315586, -0.0314346,
 0.377881, 0.399803, 0.901348, -0.108535, -0.297998, 0.937118, -0.145707,
 0.377881, 0.399803, 0.901348, -0.0314346, -0.315586, 0.871937, -0.373024,
 0.377881, -0.399803, 0.901348, -0.0418855, -0.890686, -0.431374, -0.137276,
 0.377881, -0.399803, 0.901348, 0.179776, -0.873359, -0.451926, -0.0262847,
 0.377881, 0.399803, 0.901348, -0.0418855, 0.890686, -0.431374, 0.137276,
 0.377881, 0.399803, 0.901348, 0.179776, 0.873359, -0.451926, 0.0262847,
 0.451847, -0.318295, 0.926726, -0.297898, -0.742696, -0.24844, 0.54584,
 0.451847, -0.318295, 0.926726, -0.334645, -0.726879, -0.27541, 0.532741,
 0.436708, -0.305809, 0.922865, 0.301692, -0.518311, -0.370556, -0.709245,
 0.436708, -0.305809, 0.922865, 0.27541, -0.532741, -0.334645, -0.726879,
 0.436708, 0.305809, 0.922865, -0.370556, 0.709245, -0.301692, -0.518311,
 0.436708, 0.305809, 0.922865, -0.334645, 0.726879, -0.27541, -0.532741,
 0.451847, 0.318295, 0.926726, 0.24844, 0.54584, -0.297898, 0.742696,
 0.451847, 0.318295, 0.926726, 0.27541, 0.532741, -0.334645, 0.726879,
 0.515841, -0.256544, 0.948282, -0.27541, 0.532741, 0.334645, 0.726879,
 0.515841, -0.256544, 0.948282, -0.24844, 0.54584, 0.297898, 0.742696,
 0.479436, -0.226517, 0.938997, 0.334645, 0.726879, 0.27541, -0.532741,
 0.479436, -0.226517, 0.938997, 0.370556, 0.709245, 0.301692, -0.518311,
 0.479436, 0.226517, 0.938997, -0.27541, -0.532741, 0.334645, -0.726879,
 0.479436, 0.226517, 0.938997, -0.301692, -0.518311, 0.370556, -0.709245,
 0.515841, 0.256544, 0.948281, 0.334645, -0.726879, 0.27541, 0.532741,
 0.515841, 0.256544, 0.948281, 0.297898, -0.742696, 0.24844, 0.54584,
 0.487006, -0.23276, 0.940927, 0.0674513, -0.934838, 0.324783, -0.126686,
 0.479436, -0.226517, 0.938997, 0.0674513, -0.934838, 0.324783, -0.126686,
 0.508271, 0.2503, 0.946351, -0.126686, 0.324783, -0.934838, 0.0674513,
 0.515841, 0.256544, 0.948281, -0.126686, 0.324783, -0.934838, 0.0674513,
 -0.400017, 1.00001, 0.750004, -0.707108, -2.77556e-17, 2.77556e-17, -0.707108,
 0.65, 0.8, 0.75, 0.707107, 0, 0, 0.707107,
 -0.15, 1.15, 0.75, 0.707107, 0, 0, 0.707107,
 0.35, 1.2, 0.75, 0.707107, 0, 0, 0.707107,
 0.8, 0, 0.67, 1, 0, 0, 0,
 0.1, 1.1, 0.6, 0.707107, 0, 0, 0.707107,
 0.8, 0, 0.6, 1, 0, 0, 0,
 -0.400017, 1.00001, 0.750004, -0.707108, -2.77556e-17, 2.77556e-17, -0.707108,
 0.65, 0.8, 0.75, 0.707107, 0, 0, 0.707107,
 -0.15, 1.15, 0.75, 0.707107, 0, 0, 0.707107,
 0.35, 1.2, 0.75, 0.707107, 0, 0, 0.707107,
 0.8, 0, 0.67, 1, 0, 0, 0,
 
0, 0, 0, 1, 0, 0, 0,
 0, 0, 0, 1, 0, 0, 0,
 -0.0500001, 0, 0.890675, 0.707107, 0, -0.707107, 0,
 -0.0670703, 0, 1.27213, 0.707107, 0, -0.707107, 0,
 0.0489299, 0, 1.11768, -0.707107, 0, 0, -0.707107,
 -0.0500001, -0.188, 0.890675, 0.620545, -0.339005, -0.620545, -0.339005,
 -0.0500001, 0.188, 0.890675, 0.620545, 0.339005, -0.620545, 0.339005,
 0.000929734, 0, 1.27213, -0.693012, -0.14048, -0.14048, -0.693012,
 0.0040302, -0.272147, 0.890675, -0.92972, -0.237396, -0.069654, -0.272787,
 0.0040302, 0.272147, 0.890675, -0.272787, -0.069654, -0.237396, -0.92972,
 0.0040302, -0.272147, 0.890675, 0.803075, -0.303564, 0.413242, -0.303564,
 0.0040302, 0.272147, 0.890675, 0.803075, 0.303564, 0.413242, 0.303564,
 0.193694, -0.567532, 0.698905, 0.488053, -0.616559, -0.0233568, 0.617346,
 0.193694, 0.567532, 0.698905, 0.617346, -0.0233568, -0.616559, 0.488053,
 0.193694, -0.567532, 0.698905, -0.285995, 0.839705, 0.393399, 0.24154,
 0.193694, 0.567532, 0.698905, -0.285995, -0.839705, 0.393399, -0.24154,
 0.377881, -0.399803, 0.901348, -0.145707, 0.937118, -0.297998, -0.108535,
 0.377881, 0.399803, 0.901348, -0.108535, -0.297998, 0.937118, -0.145707,
 0.39889, -0.372037, 0.908767, -0.0418855, -0.890686, -0.431374, -0.137276,
 0.39889, 0.372037, 0.908767, -0.0418855, 0.890686, -0.431374, 0.137276,
 0.451847, -0.318295, 0.926726, -0.297898, -0.742696, -0.24844, 0.54584,
 0.436708, -0.305809, 0.922865, 0.301692, -0.518311, -0.370556, -0.709245,
 0.436708, 0.305809, 0.922865, -0.370556, 0.709245, -0.301692, -0.518311,
 0.451847, 0.318295, 0.926726, 0.24844, 0.54584, -0.297898, 0.742696,
 0.515841, -0.256544, 0.948282, -0.27541, 0.532741, 0.334645, 0.726879,
 0.479436, -0.226517, 0.938997, 0.334645, 0.726879, 0.27541, -0.532741,
 0.479436, 0.226517, 0.938997, -0.27541, -0.532741, 0.334645, -0.726879,
 0.515841, 0.256544, 0.948281, 0.334645, -0.726879, 0.27541, 0.532741,
 0.487006, -0.23276, 0.940927, 0.0674513, -0.934838, 0.324783, -0.126686,
 0.508271, 0.2503, 0.946351, -0.126686, 0.324783, -0.934838, 0.0674513,
 -0.0282159, 0.00517696, 0.272424, 1, 0, 0, 0,
 0, 0, 0, 1, 0, 0, 0,
 -0.29, 0, 0.851, 1, 0, 0, 0,
 0.21838, 0.225407, 0.180919, 1, 0, 0, 0,
 0.224225, 0.270791, 0.0789213, 1, 0, 0, 0,
 0.224225, 0.172791, 0.0789213, 1, 0, 0, 0,
 0.21838, -0.223793, 0.180919, 1, 0, 0, 0,
 0.224225, -0.178409, 0.0789213, 1, 0, 0, 0,
 0.224225, -0.276409, 0.0789213, 1, 0, 0, 0,
 -0.23082, 0.225407, 0.180919, 1, 0, 0, 0,
 -0.224975, 0.270791, 0.0789213, 1, 0, 0, 0,
 -0.224975, 0.172791, 0.0789213, 1, 0, 0, 0,
 -0.23082, -0.223793, 0.180919, 1, 0, 0, 0,
 -0.224975, -0.178409, 0.0789213, 1, 0, 0, 0,
 -0.224975, -0.276409, 0.0789213, 1, 0, 0, 0,
 -0.116563, -0.00108579, 1.01135, -1, 0, 0, -0,
 -0.026643, 0.000777182, 1.26448, -1, 0, 0, -0,
 0.03954, 0.00096181, 1.36052, 0.980067, 0, 0.198669, 0,
 0.0474159, 1.43584e-08, 1.3225, 0.980067, 0, 0.198669, 0,
 0.0474159, 1.43584e-08, 1.3225, 0.980067, 0, 0.198669, 0,
 0.0479407, 8.16945e-09, 1.34942, 0.980067, 0, 0.198669, 0,
 -0.0538428, 0.00394506, 1.57636, 0.980067, 0, 0.198669, 0,
 -0.0208361, 0.0124999, 1.5983, 0.980067, 0, 0.198669, 0,
 -0.0208361, -0.0175001, 1.5983, 0.980067, 0, 0.198669, 0,
 -0.0524158, 0.0124999, 1.56005, 0.980067, 0, 0.198669, 0,
 0.0472586, -0.00300578, 1.12989, 1, 0, -0, 0,
 -0.0448562, -0.191235, 0.722545, -0.877583, 0, 0, 0.479426,
 0.033844, -0.320941, 0.877835, 0.850301, 0.118612, 0.217118, -0.464522,
 0.061539, -0.361528, 0.832555, 0.803075, -0.303564, 0.413242, -0.303564,
 0.144326, -0.497476, 0.743806, 0.803075, -0.303564, 0.413242, -0.303564,
 0.244854, -0.51539, 0.746781, -0.285995, 0.839705, 0.393399, 0.24154,
 0.210596, -0.556788, 0.714328, -0.781635, 0.419457, 0.452489, -0.0914241,
 0.318984, -0.452781, 0.833042, -0.285995, 0.839705, 0.393399, 0.24154,
 0.376423, -0.402433, 0.902914, 0.179776, -0.873359, -0.451926, -0.0262847,
 0.417531, -0.34752, 0.916464, -0.0418855, -0.890686, -0.431374, -0.137276,
 0.451216, -0.303233, 0.927257, -0.0418855, -0.890686, -0.431374, -0.137276,
 0.39889, -0.372037, 0.908767, -0.0418855, -0.890686, -0.431374, -0.137276,
 0.493236, -0.291834, 0.940276, 0.0349722, 0.911133, 0.386319, 0.139198,
 0.45184, -0.257573, 0.929275, -0.868013, 0.0486941, 0.135011, -0.475351,
 0.521172, -0.250676, 0.950242, -0.0418855, -0.890686, -0.431374, -0.137276,
 0.483703, -0.219702, 0.940425, 0.890686, -0.0418855, -0.137276, 0.431374,
 -0.0491989, 0.194023, 0.722545, -0.877583, 0, 0, -0.479426,
 0.0359917, 0.319562, 0.877835, 0.850301, -0.118612, 0.217118, 0.464522,
 0.0614936, 0.361649, 0.832696, 0.803075, 0.303564, 0.413242, 0.303564,
 0.144615, 0.496706, 0.742906, 0.803075, 0.303564, 0.413242, 0.303564,
 0.245654, 0.515918, 0.746491, -0.285995, -0.839705, 0.393399, -0.24154,
 0.210883, 0.556023, 0.713434, -0.781635, -0.419457, 0.452489, 0.0914241,
 0.317879, 0.452053, 0.833444, -0.285995, -0.839705, 0.393399, -0.24154,
 0.376795, 0.402679, 0.902779, 0.179776, 0.873359, -0.451926, 0.0262847,
 0.417092, 0.347158, 0.916352, -0.0418855, 0.890686, -0.431374, 0.137276,
 0.450881, 0.302957, 0.927172, -0.0418855, 0.890686, -0.431374, 0.137276,
 0.39889, 0.372037, 0.908767, -0.0418855, 0.890686, -0.431374, 0.137276,
 0.45172, 0.257591, 0.929687, 0.0486941, -0.868013, 0.475351, -0.135011,
 0.493356, 0.291815, 0.939863, 0.911133, 0.0349722, -0.139198, -0.386319,
 0.483632, 0.219713, 0.940668, -0.0418855, 0.890686, -0.431374, 0.137276,
 0.521242, 0.250665, 0.949999, -0.890686, -0.0418855, 0.137276, 0.431374,
 0, 0, 0.18, 1, 0, 0, 0,
 -0.13, 0, 0.55, 1, 0, 0, 0,
 0.108979, -0.435596, 0.78456, 0.803075, -0.303564, 0.413242, -0.303564,
 0.31419, -0.457802, 0.831344, -0.29955, 0.830764, 0.383179, 0.270698,
 0.469707, -0.278444, 0.933776, -0.0418855, -0.890686, -0.431374, -0.137276,
 0.108979, 0.435596, 0.78456, 0.803075, 0.303564, 0.413242, 0.303564,
 0.31419, 0.457802, 0.831344, -0.29955, -0.830764, 0.383179, -0.270698,
 0.469707, 0.278444, 0.933776, -0.0418855, 0.890686, -0.431374, 0.137276,
 0.508271, 0.2503, 0.946351, 0.0418855, -0.890686, 0.431374, -0.137276,
 0.487006, -0.23276, 0.940927, 0.0418855, 0.890686, 0.431374, 0.137276,
 0.404791, -0.364237, 0.910851, -0.579725, -0.753368, 0.191417, 0.244376,
 0.404791, 0.364237, 0.910851, 0.031525, 0.437371, -0.64258, -0.628336,
 0, 0, 0, 1, 0, 0, 0,
 0.15, 0, 0.890675, 1, 0, -1.11022e-16, 0,
 0.121345, 4.95118e-08, 1.3515, -0.589368, -0.390699, 0.390699, 0.589368,
 0.55, 0, 0.790675, 0.707107, 5.55112e-17, -5.55112e-17, -0.707107,
 0.093713, 3.09449e-08, 1.36318, 0.390699, -0.589368, 0.589368, -0.390699,
 -0.0208361, -0.0175001, 1.5983, 0.589368, 0.390699, -0.390699, -0.589368,
 0.0472586, -0.00300578, 1.12989, 0.5, -0.5, 0.5, -0.5,
 0.505116, -0.231648, 0.94628, 0.140075, -0.319237, -0.708725, 0.613335,
 0.505116, 0.231648, 0.94628, -0.613335, 0.708725, 0.319237, -0.140075,
 0, 0, 0, 1, 0, 0, 0,
 -0.0500001, 0, 0.890675, 0.707107, 0, -0.707107, 0,
 -0.05, 0, 0.790675, 0.707107, 0, -0.707107, 0,
 -0.0670703, 0, 1.27213, 0.707107, 0, -0.707107, 0,
 -0.0670703, 0, 1.27213, 0.707107, 0, -0.707107, 0,
 0.0489299, 0, 1.11768, -0.707107, 0, 0, -0.707107,
 0.0489299, 0, 1.11768, -0.707107, 0, 0, -0.707107,
 -0.0500001, -0.188, 0.890675, 0.620545, -0.339005, -0.620545, -0.339005,
 -0.0500001, -0.188, 0.890675, 0.707107, 0, -0.707107, 0,
 -0.0500001, 0.188, 0.890675, 0.620545, 0.339005, -0.620545, 0.339005,
 -0.0500001, 0.188, 0.890675, 0.707107, 0, -0.707107, 0,
 0.000929734, 0, 1.27213, -0.693012, -0.14048, -0.14048, -0.693012,
 0.000929734, 0, 1.27213, -0.707107, 0, 0, -0.707107,
 0.0040302, -0.272147, 0.890675, -0.92972, -0.237396, -0.069654, -0.272787,
 0.0040302, -0.272147, 0.890675, -0.95955, 0, 2.77556e-17, -0.28154,
 0.0040302, 0.272147, 0.890675, -0.272787, -0.069654, -0.237396, -0.92972,
 0.0040302, 0.272147, 0.890675, -0.28154, -5.55112e-17, 0, -0.95955,
 0.0040302, -0.272147, 0.890675, 0.803075, -0.303564, 0.413242, -0.303564,
 0.0040302, -0.272147, 0.890675, 0.850301, 0.118612, 0.217118, -0.464522,
 0.0040302, 0.272147, 0.890675, 0.803075, 0.303564, 0.413242, 0.303564,
 0.0040302, 0.272147, 0.890675, 0.850301, -0.118612, 0.217118, 0.464522,
 0.193694, -0.567532, 0.698905, 0.488053, -0.616559, -0.0233568, 0.617346,
 0.193694, -0.567532, 0.698905, 0.782512, 0.0775539, 0.506859, 0.353207,
 0.193694, 0.567532, 0.698905, 0.617346, -0.0233568, -0.616559, 0.488053,
 0.193694, 0.567532, 0.698905, 0.353207, 0.506859, 0.0775539, 0.782512,
 0.193694, -0.567532, 0.698905, -0.285995, 0.839705, 0.393399, 0.24154,
 0.193694, -0.567532, 0.698905, -0.781635, 0.419457, 0.452489, -0.0914241,
 0.193694, 0.567532, 0.698905, -0.285995, -0.839705, 0.393399, -0.24154,
 0.193694, 0.567532, 0.698905, -0.781635, -0.419457, 0.452489, 0.0914241,
 0.377881, -0.399803, 0.901348, -0.145707, 0.937118, -0.297998, -0.108535,
 0.377881, -0.399803, 0.901348, -0.373024, 0.871937, -0.315586, -0.0314346,
 0.377881, 0.399803, 0.901348, -0.108535, -0.297998, 0.937118, -0.145707,
 0.377881, 0.399803, 0.901348, -0.0314346, -0.315586, 0.871937, -0.373024,
 0.377881, -0.399803, 0.901348, -0.0418855, -0.890686, -0.431374, -0.137276,
 0.377881, -0.399803, 0.901348, 0.179776, -0.873359, -0.451926, -0.0262847,
 0.377881, 0.399803, 0.901348, -0.0418855, 0.890686, -0.431374, 0.137276,
 0.377881, 0.399803, 0.901348, 0.179776, 0.873359, -0.451926, 0.0262847,
 0.451847, -0.318295, 0.926726, -0.297898, -0.742696, -0.24844, 0.54584,
 0.451847, -0.318295, 0.926726, -0.334645, -0.726879, -0.27541, 0.532741,
 0.436708, -0.305809, 0.922865, 0.301692, -0.518311, -0.370556, -0.709245,
 0.436708, -0.305809, 0.922865, 0.27541, -0.532741, -0.334645, -0.726879,
 0.436708, 0.305809, 0.922865, -0.370556, 0.709245, -0.301692, -0.518311,
 0.436708, 0.305809, 0.922865, -0.334645, 0.726879, -0.27541, -0.532741,
 0.451847, 0.318295, 0.926726, 0.24844, 0.54584, -0.297898, 0.742696,
 0.451847, 0.318295, 0.926726, 0.27541, 0.532741, -0.334645, 0.726879,
 0.515841, -0.256544, 0.948282, -0.27541, 0.532741, 0.334645, 0.726879,
 0.515841, -0.256544, 0.948282, -0.24844, 0.54584, 0.297898, 0.742696,
 0.479436, -0.226517, 0.938997, 0.334645, 0.726879, 0.27541, -0.532741,
 0.479436, -0.226517, 0.938997, 0.370556, 0.709245, 0.301692, -0.518311,
 0.479436, 0.226517, 0.938997, -0.27541, -0.532741, 0.334645, -0.726879,
 0.479436, 0.226517, 0.938997, -0.301692, -0.518311, 0.370556, -0.709245,
 0.515841, 0.256544, 0.948281, 0.334645, -0.726879, 0.27541, 0.532741,
 0.515841, 0.256544, 0.948281, 0.297898, -0.742696, 0.24844, 0.54584,
 0.487006, -0.23276, 0.940927, 0.0674513, -0.934838, 0.324783, -0.126686,
 0.479436, -0.226517, 0.938997, 0.0674513, -0.934838, 0.324783, -0.126686,
 0.508271, 0.2503, 0.946351, -0.126686, 0.324783, -0.934838, 0.0674513,
 0.515841, 0.256544, 0.948281, -0.126686, 0.324783, -0.934838, 0.0674513,
 -0.400017, 1.00001, 0.750004, -0.707108, -2.77556e-17, 2.77556e-17, -0.707108,
 0.65, 0.8, 0.75, 0.707107, 0, 0, 0.707107,
 -0.150005, 1.15001, 0.749998, -0.707108, -8.32667e-17, 2.77556e-17, -0.707108,
 0.35, 1.2, 0.75, 0.707107, 0, 0, 0.707107,
 0.8, 0, 0.67, 1, 0, 0, 0,
 0.1, 1.1, 0.6, 0.707107, 0, 0, 0.707107,
 0.8, 0, 0.6, 1, 0, 0, 0,
 -0.400017, 1.00001, 0.750004, -0.707108, -2.77556e-17, 2.77556e-17, -0.707108,
 0.65, 0.8, 0.75, 0.707107, 0, 0, 0.707107,
 -0.150005, 1.15001, 0.749998, -0.707108, -8.32667e-17, 2.77556e-17, -0.707108,
 0.35, 1.2, 0.75, 0.707107, 0, 0, 0.707107,
 0.8, 0, 0.67, 1, 0, 0, 0,
 ], x:[[0, 0, 0, 0.1, 0, 0, -1, 1, 0.4, 0.5, 0.5, -1, 1, -2, -2, -1.5, 1.5, -0.5, -0.5, -0.5, 0.5, 0.1, 0.1, 0.01, 0.01, 1.49196, -0.0118827, -0.38555, -0.53274, -0.726877, -0.275409, 0.334644], [0, 0, 0, 0.1, 0, 0, -1, 1, 0.4, 0.5, 0.5, -1, 1, -2, -2, -1.5, 1.5, -0.5, -0.5, -0.5, 0.5, 0.1, 0.1, 0.01, 0.01, 1.49196, -0.0118827, -0.38555, -0.53274, -0.726877, -0.275409, 0.334644, 0.0395821, -0.0359275, 1.14378, 0.53274, 0.726877, -0.275409, 0.334644]], dual:[] },
QuaternionNorms:{ order:0, type:eq, feature:QuaternionNorms, vars:[1, 1] },
qItself#46:{ order:1, type:sos, feature:"qItself#46", vars:[1, 1] },
qItself#46:{ order:0, type:sos, feature:"qItself#46", vars:[1, 1] },
qZeroVel-red:{ order:1, type:eq, feature:"qZeroVel-red" },
TM_NoJumpToParent-1-red:{ order:1, type:eq, feature:"TM_NoJumpToParent-1-red", vars:[1] },
TM_NoJumpToParent-1-blue:{ order:1, type:eq, feature:"TM_NoJumpToParent-1-blue", vars:[0, 1] },
PairCollision-pr2L-blue:{ order:0, type:eq, feature:"PairCollision-pr2L-blue", vars:[0, 1] },
ProxyCost:{ order:0, type:sos, feature:ProxyCost, vars:[1, 1] }}KOMO_run_log: [
{ lagrangianQuery: True, errors: [0.318565, 0, 81.1146] },
{ lineSearch: 0, alpha: 1, beta: 1, f_x: 9926.35, f_y: 6327.57, wolfe: 1, accept: True },
{ newton: 1, evaluations: 2, f_x: 6327.57, alpha: 1.5 },
{ lagrangianQuery: True, errors: [0.174538, 0, 60.8592] },
{ lineSearch: 0, alpha: 1, beta: 1, f_x: 6327.57, f_y: 3533.31, wolfe: 1, accept: True },
{ newton: 2, evaluations: 3, f_x: 3533.31, alpha: 1.5 },
{ lagrangianQuery: True, errors: [2.62319, 0, 41.0422] },
{ lineSearch: 0, alpha: 1, beta: 1, f_x: 3533.31, f_y: 1581.86, wolfe: 1, accept: True },
{ newton: 3, evaluations: 4, f_x: 1581.86, alpha: 1.5 },
{ lagrangianQuery: True, errors: [0.357576, 0, 31.8458] },
{ lineSearch: 0, alpha: 1, beta: 1, f_x: 1581.86, f_y: 943.007, wolfe: 1, accept: True },
{ newton: 4, evaluations: 5, f_x: 943.007, alpha: 1.5 },
{ lagrangianQuery: True, errors: [0.0835815, 0, 19.5145] },
{ lineSearch: 0, alpha: 1, beta: 1, f_x: 943.007, f_y: 334.467, wolfe: 1, accept: True },
{ newton: 5, evaluations: 6, f_x: 334.467, alpha: 1.5 },
{ lagrangianQuery: True, errors: [0.0643316, 0, 2.7185] },
{ lineSearch: 0, alpha: 1, beta: 1, f_x: 334.467, f_y: 4.69602, wolfe: 1, accept: True },
{ newton: 6, evaluations: 7, f_x: 4.69602, alpha: 1.5 },
{ lagrangianQuery: True, errors: [0.0281771, 0, 0.234793] },
{ lineSearch: 0, alpha: 1, beta: 1, f_x: 4.69602, f_y: 0.0629091, wolfe: 1, accept: True },
{ newton: 7, evaluations: 8, f_x: 0.0629091, alpha: 1.5 },
{ lagrangianQuery: True, errors: [0.0194967, 0, 0.0381123] },
{ lineSearch: 0, alpha: 1, beta: 1, f_x: 0.0629091, f_y: 0.0198469, wolfe: 1, accept: True },
{ newton: 8, evaluations: 9, f_x: 0.0198469, alpha: 1.5 },
{ lagrangianQuery: True, errors: [0.00324487, 0, 0.817741] },
{ lineSearch: 0, alpha: 1, beta: 1, f_x: 0.0198469, f_y: 0.628009, wolfe: 0, accept: False },
{ lagrangianQuery: True, errors: [0.00896388, 0, 0.362185] },
{ lineSearch: 1, alpha: 0.5, beta: 1, f_x: 0.0198469, f_y: 0.127788, wolfe: 0, accept: False },
{ lagrangianQuery: True, errors: [0.0133854, 0, 0.144498] },
{ lineSearch: 2, alpha: 0.25, beta: 1, f_x: 0.0198469, f_y: 0.0294422, wolfe: 0, accept: False },
{ lagrangianQuery: True, errors: [0.0163014, 0, 0.0430458] },
{ lineSearch: 3, alpha: 0.125, beta: 1, f_x: 0.0198469, f_y: 0.016922, wolfe: 1, accept: True },
{ newton: 9, evaluations: 13, f_x: 0.016922, alpha: 0.1875 },
{ lagrangianQuery: True, errors: [0.013978, 0, 0.101387] },
{ lineSearch: 0, alpha: 0.1875, beta: 1, f_x: 0.016922, f_y: 0.0210936, wolfe: 0, accept: False },
{ lagrangianQuery: True, errors: [0.0149279, 0, 0.0685903] },
{ lineSearch: 1, alpha: 0.09375, beta: 1, f_x: 0.016922, f_y: 0.0175419, wolfe: 0, accept: False },
{ lagrangianQuery: True, errors: [0.0156159, 0, 0.0514939] },
{ lineSearch: 2, alpha: 0.046875, beta: 1, f_x: 0.016922, f_y: 0.0167547, wolfe: 1, accept: True },
{ newton: 10, evaluations: 16, f_x: 0.0167547, alpha: 0.0703125 },
{ lagrangianQuery: True, errors: [0.0152189, 0, 0.0482505] },
{ lineSearch: 0, alpha: 0.0703125, beta: 1, f_x: 0.0167547, f_y: 0.0162217, wolfe: 1, accept: True },
{ newton: 11, evaluations: 17, f_x: 0.0162217, alpha: 0.105469 },
{ lagrangianQuery: True, errors: [0.0151289, 0, 0.0455232] },
{ lineSearch: 0, alpha: 0.105469, beta: 1, f_x: 0.0162217, f_y: 0.0160802, wolfe: 1, accept: True },
{ newton: 12, evaluations: 18, f_x: 0.0160802, alpha: 0.158203 },
{ lagrangianQuery: True, errors: [0.0151289, 0, 0.0455232] },
{ optConstraint: 1, mu: 5, nu: 5, L_x_beforeUpdate: 0.0160802, L_x_afterUpdate: 0.0217883, errors: [0.0151289, 0, 0.0455232], lambda: [2.56251e-07, 0, 0, 0, 0, 0, 0, 0, 0, 0, 0, 0, 0, 0, 0, 0, 0, 0, 0, 0, 0, 0, 0, 0, 0, 0, 0, 0, 0, 0, 0, 0, 0, 0, 0, 0, 0, 0, 0, 0, 0, 0, 0, 0, 0, 0, 0, 0, 0, 0, 0, 3.55893e-05, 2.38629e-05, -9.78514e-06, 3.71339e-05, 7.42612e-07, -8.51376e-06, 9.71049e-06, 0, -5.71886e-08, 0.00312425, 0, 0, 0, 0, 0, 0, 0, 0, 0, 0, 0, 0, 0, 0, 0, 0, 0, 0, 0, 0, 0, 0, 0, 0, 0, 0, 0, 0, 0, 0, 0, 0, 0, 0, 0, 0, 0, 0, 0, 0, 0, 0, 0, 0, 0, 0, 0, 0, 0, 0, 0.00465129, 0.00621929, -0.00629503, 3.58651e-05, 0.00152605, 0.00204409, 0.00665182, -0.060373, 0] },
{ lagrangianQuery: True, errors: [0.0153121, 0, 0.0241126] },
{ lineSearch: 0, alpha: 0.158203, beta: 1, f_x: 0.0217883, f_y: 0.0168356, wolfe: 1, accept: True },
{ newton: 13, evaluations: 19, f_x: 0.0168356, alpha: 0.237305 },
{ lagrangianQuery: True, errors: [0.0147318, 0, 0.0275015] },
{ lineSearch: 0, alpha: 0.237305, beta: 1, f_x: 0.0168356, f_y: 0.0175721, wolfe: 0, accept: False },
{ lagrangianQuery: True, errors: [0.0150405, 0, 0.0247755] },
{ lineSearch: 1, alpha: 0.118652, beta: 1, f_x: 0.0168356, f_y: 0.0169757, wolfe: 0, accept: False },
{ lagrangianQuery: True, errors: [0.015181, 0, 0.0240203] },
{ lineSearch: 2, alpha: 0.0593262, beta: 1, f_x: 0.0168356, f_y: 0.0168291, wolfe: 1, accept: True },
{ newton: 14, evaluations: 22, f_x: 0.0168291, alpha: 0.0889893 },
{ lagrangianQuery: True, errors: [0.0150441, 0, 0.0211161] },
{ lineSearch: 0, alpha: 0.0889893, beta: 1, f_x: 0.0168291, f_y: 0.0163884, wolfe: 1, accept: True },
{ newton: 15, evaluations: 23, f_x: 0.0163884, alpha: 0.133484 },
{ lagrangianQuery: True, errors: [0.0148106, 0, 0.016832] },
{ lineSearch: 0, alpha: 0.133484, beta: 1, f_x: 0.0163884, f_y: 0.0157389, wolfe: 1, accept: True },
{ newton: 16, evaluations: 24, f_x: 0.0157389, alpha: 0.200226 },
{ lagrangianQuery: True, errors: [0.0143832, 0, 0.0188977] },
{ lineSearch: 0, alpha: 0.200226, beta: 1, f_x: 0.0157389, f_y: 0.0159992, wolfe: 0, accept: False },
{ lagrangianQuery: True, errors: [0.0145972, 0, 0.0176005] },
{ lineSearch: 1, alpha: 0.100113, beta: 1, f_x: 0.0157389, f_y: 0.0158001, wolfe: 0, accept: False },
{ lagrangianQuery: True, errors: [0.014704, 0, 0.0169955] },
{ lineSearch: 2, alpha: 0.0500565, beta: 1, f_x: 0.0157389, f_y: 0.0157313, wolfe: 1, accept: True },
{ newton: 17, evaluations: 27, f_x: 0.0157313, alpha: 0.0750847 },
{ lagrangianQuery: True, errors: [0.014704, 0, 0.0169955] },
{ optConstraint: 2, mu: 25, nu: 25, L_x_beforeUpdate: 0.0157313, L_x_afterUpdate: 0.0184306, errors: [0.014704, 0, 0.0169955], lambda: [9.37432e-07, 0, 0, 0, 0, 0, 0, 0, 0, 0, 0, 0, 0, 0, 0, 0, 0, 0, 0, 0, 0, 0, 0, 0, 0, 0, 0, 0, 0, 0, 0, 0, 0, 0, 0, 0, 0, 0, 0, 0, 0, 0, 0, 0, 0, 0, 0, 0, 0, 0, 0, 0.000140563, 9.46553e-05, -3.78747e-05, 0.000222803, 2.39426e-06, -3.29817e-05, 3.8468e-05, 0, -2.04067e-07, 0.0127179, 0, 0, 0, 0, 0, 0, 0, 0, 0, 0, 0, 0, 0, 0, 0, 0, 0, 0, 0, 0, 0, 0, 0, 0, 0, 0, 0, 0, 0, 0, 0, 0, 0, 0, 0, 0, 0, 0, 0, 0, 0, 0, 0, 0, 0, 0, 0, 0, 0, 0, 0.018039, 0.0224736, -0.0234776, 0.000219879, 0.0032685, 0.00738119, 0.0239592, -0.148893, 0] },
{ lagrangianQuery: True, errors: [0.014605, 0, 0.0154092] },
{ lineSearch: 0, alpha: 0.0750847, beta: 1, f_x: 0.0184306, f_y: 0.0177866, wolfe: 1, accept: True },
{ newton: 18, evaluations: 28, f_x: 0.0177866, alpha: 0.112627 },
{ lagrangianQuery: True, errors: [0.0144536, 0, 0.013365] },
{ lineSearch: 0, alpha: 0.112627, beta: 1, f_x: 0.0177866, f_y: 0.0170074, wolfe: 1, accept: True },
{ newton: 19, evaluations: 29, f_x: 0.0170074, alpha: 0.168941 },
{ lagrangianQuery: True, errors: [0.0142293, 0, 0.0105533] },
{ lineSearch: 0, alpha: 0.168941, beta: 1, f_x: 0.0170074, f_y: 0.0159916, wolfe: 1, accept: True },
{ newton: 20, evaluations: 30, f_x: 0.0159916, alpha: 0.253411 },
{ lagrangianQuery: True, errors: [0.013858, 0, 0.00892373] },
{ lineSearch: 0, alpha: 0.253411, beta: 1, f_x: 0.0159916, f_y: 0.0154266, wolfe: 1, accept: True },
{ newton: 21, evaluations: 31, f_x: 0.0154266, alpha: 0.380116 },
{ lagrangianQuery: True, errors: [0.0133659, 0, 0.00484608] },
{ lineSearch: 0, alpha: 0.380116, beta: 1, f_x: 0.0154266, f_y: 0.0139657, wolfe: 1, accept: True },
{ newton: 22, evaluations: 32, f_x: 0.0139657, alpha: 0.570174 },
{ lagrangianQuery: True, errors: [0.0133659, 0, 0.00484608] },
{ optConstraint: 3, mu: 125, nu: 125, L_x_beforeUpdate: 0.0139657, L_x_afterUpdate: 0.0150557, errors: [0.0133659, 0, 0.00484608], lambda: [1.70389e-06, 0, 0, 0, 0, 0, 0, 0, 0, 0, 0, 0, 0, 0, 0, 0, 0, 0, 0, 0, 0, 0, 0, 0, 0, 0, 0, 0, 0, 0, 0, 0, 0, 0, 0, 0, 0, 0, 0, 0, 0, 0, 0, 0, 0, 0, 0, 0, 0, 0, 0, 0.000243893, 0.000153553, -5.67169e-05, 0.00115115, 2.94135e-06, -5.1981e-05, 6.45298e-05, 0, -2.96467e-07, 0.0308178, 0, 0, 0, 0, 0, 0, 0, 0, 0, 0, 0, 0, 0, 0, 0, 0, 0, 0, 0, 0, 0, 0, 0, 0, 0, 0, 0, 0, 0, 0, 0, 0, 0, 0, 0, 0, 0, 0, 0, 0, 0, 0, 0, 0, 0, 0, 0, 0, 0, 0, 0.0351361, 0.0513848, -0.0392225, 0.00114745, 0.00464052, 0.0141022, 0.0510007, -0.274126, 0] },
{ lagrangianQuery: True, errors: [0.0126128, 0, 0.00361381] },
{ lineSearch: 0, alpha: 0.570174, beta: 1, f_x: 0.0150557, f_y: 0.013364, wolfe: 1, accept: True },
{ newton: 23, evaluations: 33, f_x: 0.013364, alpha: 0.855262 },
{ lagrangianQuery: True, errors: [0.0115118, 0, 0.00639258] },
{ lineSearch: 0, alpha: 0.855262, beta: 1, f_x: 0.013364, f_y: 0.013416, wolfe: 0, accept: False },
{ lagrangianQuery: True, errors: [0.0120688, 0, 0.00318858] },
{ lineSearch: 1, alpha: 0.427631, beta: 1, f_x: 0.013364, f_y: 0.0126722, wolfe: 1, accept: True },
{ newton: 24, evaluations: 35, f_x: 0.0126722, alpha: 0.641446 },
{ lagrangianQuery: True, errors: [0.0111448, 0, 0.0117529] },
{ lineSearch: 0, alpha: 0.641446, beta: 1, f_x: 0.0126722, f_y: 0.0236726, wolfe: 0, accept: False },
{ lagrangianQuery: True, errors: [0.0116401, 0, 0.00471696] },
{ lineSearch: 1, alpha: 0.320723, beta: 1, f_x: 0.0126722, f_y: 0.0137141, wolfe: 0, accept: False },
{ lagrangianQuery: True, errors: [0.0118632, 0, 0.00332301] },
{ lineSearch: 2, alpha: 0.160362, beta: 1, f_x: 0.0126722, f_y: 0.0127031, wolfe: 0, accept: False },
{ lagrangianQuery: True, errors: [0.0119682, 0, 0.00309173] },
{ lineSearch: 3, alpha: 0.0801808, beta: 1, f_x: 0.0126722, f_y: 0.012598, wolfe: 1, accept: True },
{ newton: 25, evaluations: 39, f_x: 0.012598, alpha: 0.120271 },
{ lagrangianQuery: True, errors: [0.0118264, 0, 0.00264169] },
{ lineSearch: 0, alpha: 0.120271, beta: 1, f_x: 0.012598, f_y: 0.0123077, wolfe: 1, accept: True },
{ newton: 26, evaluations: 40, f_x: 0.0123077, alpha: 0.180407 },
{ lagrangianQuery: True, errors: [0.0116158, 0, 0.00213372] },
{ lineSearch: 0, alpha: 0.180407, beta: 1, f_x: 0.0123077, f_y: 0.0119429, wolfe: 1, accept: True },
{ newton: 27, evaluations: 41, f_x: 0.0119429, alpha: 0.27061 },
{ lagrangianQuery: True, errors: [0.0116158, 0, 0.00213372] },
{ optConstraint: 4, mu: 625, nu: 625, L_x_beforeUpdate: 0.0119429, L_x_afterUpdate: 0.0125555, errors: [0.0116158, 0, 0.00213372], lambda: [3.26909e-06, 0, 0, 0, 0, 0, 0, 0, 0, 0, 0, 0, 0, 0, 0, 0, 0, 0, 0, 0, 0, 0, 0, 0, 0, 0, 0, 0, 0, 0, 0, 0, 0, 0, 0, 0, 0, 0, 0, 0, 0, 0, 0, 0, 0, 0, 0, 0, 0, 0, 0, 0.000232895, 5.92332e-05, -3.45119e-06, 0.00579289, 6.88955e-06, -3.19617e-05, 4.26246e-05, 0, -1.23788e-07, 0.0945331, 0, 0, 0, 0, 0, 0, 0, 0, 0, 0, 0, 0, 0, 0, 0, 0, 0, 0, 0, 0, 0, 0, 0, 0, 0, 0, 0, 0, 0, 0, 0, 0, 0, 0, 0, 0, 0, 0, 0, 0, 0, 0, 0, 0, 0, 0, 0, 0, 0, 0, 0.0753678, 0.152778, -0.00823069, 0.00578755, 0.0268739, 0.0328763, 0.136647, -0.435083, 0] },
{ lagrangianQuery: True, errors: [0.0113019, 0, 0.00198727] },
{ lineSearch: 0, alpha: 0.27061, beta: 1, f_x: 0.0125555, f_y: 0.0121542, wolfe: 1, accept: True },
{ newton: 28, evaluations: 42, f_x: 0.0121542, alpha: 0.405915 },
{ lagrangianQuery: True, errors: [0.0107718, 0, 0.00620961] },
{ lineSearch: 0, alpha: 0.405915, beta: 1, f_x: 0.0121542, f_y: 0.0266073, wolfe: 0, accept: False },
{ lagrangianQuery: True, errors: [0.0110509, 0, 0.0029398] },
{ lineSearch: 1, alpha: 0.202958, beta: 1, f_x: 0.0121542, f_y: 0.0140845, wolfe: 0, accept: False },
{ lagrangianQuery: True, errors: [0.01118, 0, 0.00219948] },
{ lineSearch: 2, alpha: 0.101479, beta: 1, f_x: 0.0121542, f_y: 0.0124834, wolfe: 0, accept: False },
{ newton: 29, evaluations: 45, f_x: 0.0121542, alpha: 0.0507394 },
{ lagrangianQuery: True, errors: [0.0112419, 0, 0.00201105] },
{ lineSearch: 0, alpha: 0.0507394, beta: 1, f_x: 0.0121542, f_y: 0.0121937, wolfe: 0, accept: False },
{ newton: 30, evaluations: 46, f_x: 0.0121542, alpha: 0.0253697 },
{ lagrangianQuery: True, errors: [0.0112721, 0, 0.00196359] },
{ lineSearch: 0, alpha: 0.0253697, beta: 1, f_x: 0.0121542, f_y: 0.0121295, wolfe: 1, accept: True },
{ newton: 31, evaluations: 47, f_x: 0.0121295, alpha: 0.0380545 },
{ lagrangianQuery: True, errors: [0.0112296, 0, 0.00187745] },
{ lineSearch: 0, alpha: 0.0380545, beta: 1, f_x: 0.0121295, f_y: 0.0120295, wolfe: 1, accept: True },
{ newton: 32, evaluations: 48, f_x: 0.0120295, alpha: 0.0570818 },
{ lagrangianQuery: True, errors: [0.0111661, 0, 0.00175888] },
{ lineSearch: 0, alpha: 0.0570818, beta: 1, f_x: 0.0120295, f_y: 0.0118883, wolfe: 1, accept: True },
{ newton: 33, evaluations: 49, f_x: 0.0118883, alpha: 0.0856227 },
{ lagrangianQuery: True, errors: [0.0110713, 0, 0.00161929] },
{ lineSearch: 0, alpha: 0.0856227, beta: 1, f_x: 0.0118883, f_y: 0.0117121, wolfe: 1, accept: True },
{ newton: 34, evaluations: 50, f_x: 0.0117121, alpha: 0.128434 },

] #end of KOMO_run_log
