env 005:   041  059  036  011  013  057  019  020  035  065  028  023  042  025  066  053  007  039  044  024  031  016  056  071  021  045  049  004  022  038  029  010  068  009  070  062  
env 007:   041  059  036  011  013  057  019  020  035  065  028  023  042  025  066  053  039  044  024  031  016  071  021  045  049  004  022  038  029  010  068  009  070  062  
env 009:   041  059  036  011  057  019  020  035  065  028  023  042  025  066  053  007  039  044  024  031  016  056  071  021  045  049  004  022  038  029  010  068  070  062  
env 011:   041  059  036  013  057  019  020  035  065  042  025  066  053  007  039  044  024  031  016  056  071  021  045  049  004  022  038  029  010  068  009  070  062  
env 015:   041  059  036  011  013  057  019  020  035  065  028  023  042  025  066  053  007  039  044  024  031  016  071  021  045  049  004  022  038  029  010  068  009  070  062  
env 021:   041  059  036  011  013  057  019  020  035  065  028  042  025  066  053  007  039  044  024  031  016  056  071  045  049  004  022  038  029  010  068  009  070  062  
env 023:   041  059  036  011  013  057  019  020  035  065  028  042  025  066  053  007  039  044  024  031  016  056  071  021  045  049  004  038  029  010  068  009  070  062  
env 026:   041  059  036  011  057  019  020  035  065  028  023  042  025  066  053  007  039  044  024  031  016  056  071  021  045  049  004  022  038  029  010  068  009  070  062  
env 030:   041  059  036  011  013  057  019  020  035  065  028  023  042  025  066  053  007  039  044  024  031  016  056  071  021  045  049  004  022  038  029  010  068  009  070  062  
env 031:   041  059  036  011  013  057  019  020  035  065  028  023  042  025  066  053  007  039  044  024  016  056  071  021  045  049  004  022  038  029  010  068  009  070  062  
env 036:   041  059  011  013  057  019  020  035  065  028  023  042  025  066  053  007  039  044  024  031  016  056  071  021  045  049  004  022  038  029  010  068  009  070  062  
env 037:   041  059  036  011  013  057  019  020  035  065  028  023  042  025  066  053  007  039  044  024  031  016  071  021  045  049  004  022  038  029  010  068  009  070  062  
env 041:   059  036  011  013  057  019  020  035  065  028  023  042  025  066  053  007  039  044  024  031  016  071  021  045  049  004  022  038  029  010  068  009  070  062  
env 045:   041  059  036  011  013  057  019  020  035  065  028  023  042  025  066  053  007  039  044  024  031  016  071  021  049  004  022  038  029  010  068  009  070  062  
env 047:   041  059  036  011  057  019  020  035  065  028  023  042  025  066  053  007  039  044  024  031  016  056  071  021  045  049  004  022  038  029  010  068  009  070  062  
env 052:   041  059  036  011  057  019  020  035  065  028  023  042  025  066  053  007  039  044  024  031  016  056  071  021  045  049  004  022  038  029  010  068  009  070  062  
env 053:   041  059  036  011  057  019  020  035  065  028  023  042  025  066  007  039  044  024  031  016  056  071  021  045  049  004  022  038  029  010  068  009  070  062  
env 055:   041  059  036  011  057  019  020  035  065  028  023  042  025  066  053  007  039  044  024  031  016  056  071  021  045  049  004  022  038  029  010  068  009  070  062  
env 061:   041  059  036  011  057  019  020  035  065  028  023  042  025  066  053  007  039  044  024  031  016  056  071  021  045  049  004  022  038  029  010  068  009  070  062  
env 062:   041  059  036  011  057  019  020  035  065  028  023  042  025  066  053  007  039  044  024  031  016  056  071  021  045  049  004  022  038  029  010  068  009  070  
env 067:   041  059  036  011  013  057  019  020  035  065  028  042  025  066  053  007  039  044  024  031  016  056  071  021  045  049  004  022  038  029  010  068  009  070  062  
env 069:   041  059  036  011  013  057  019  020  035  065  028  042  025  066  053  007  039  044  024  031  016  056  071  021  045  049  004  022  038  029  010  068  009  070  062  
env 070:   041  059  036  011  013  057  019  020  035  065  028  042  025  066  053  007  039  044  024  031  016  056  071  021  045  049  004  022  038  029  010  068  009  062  
env 074:   041  059  036  011  013  057  019  020  035  065  028  023  042  025  066  053  007  039  044  024  031  016  056  071  021  045  049  004  038  029  010  068  009  070  062  
env 076:   041  059  036  011  013  057  019  020  035  065  028  023  042  025  066  053  007  039  044  024  031  016  056  071  021  045  049  004  038  029  010  068  009  070  062  
env 079:   041  059  036  011  013  057  019  020  035  065  028  023  042  025  066  053  007  039  044  024  031  016  056  071  021  045  049  004  038  029  010  068  009  070  062  
env 085:   041  059  036  011  013  057  019  020  035  065  023  042  025  066  053  007  039  044  024  031  016  071  021  045  049  004  038  029  010  068  009  070  062  
env 086:   041  059  036  011  013  057  019  020  035  065  023  042  025  066  053  007  039  044  024  031  016  071  021  045  049  004  038  029  010  068  009  070  062  
env 087:   041  059  036  011  013  057  019  020  035  065  023  042  025  066  053  007  039  044  024  031  016  071  021  045  049  004  038  029  010  068  009  070  062  
env 092:   041  059  036  011  013  057  019  020  035  065  042  025  066  053  007  039  044  024  031  016  056  071  021  045  049  004  022  038  029  010  068  009  070  062  
env 098:   041  059  036  011  013  057  019  020  035  065  042  025  066  053  007  039  044  024  031  016  056  071  021  045  049  004  022  038  029  010  068  009  070  062  
env 099:   041  059  036  011  013  057  019  020  035  065  042  025  066  053  007  039  044  024  031  016  056  071  021  045  049  004  022  038  029  010  068  009  070  062  
env 006:   041  059  036  011  057  019  020  035  065  028  023  042  025  066  053  007  039  044  024  031  016  056  071  021  045  049  004  022  038  029  010  068  009  070  062  
env 014:   041  059  036  011  057  019  020  035  065  028  023  042  025  066  053  007  039  044  024  031  016  056  071  021  045  049  004  022  038  029  010  068  009  070  062  
env 027:   041  059  036  011  013  057  019  020  035  065  028  023  042  025  066  053  007  039  044  024  031  016  056  071  021  045  049  004  022  038  029  010  068  009  070  062  
env 028:   041  059  036  011  013  057  019  020  035  065  023  042  025  066  053  007  039  044  024  031  016  056  071  021  045  049  004  022  038  029  010  068  009  070  062  
env 044:   041  059  036  011  013  057  019  020  035  065  028  023  042  025  066  053  007  039  024  031  016  071  021  045  049  004  022  038  029  010  068  009  070  062  
env 049:   041  059  036  011  057  019  020  035  065  028  023  042  025  066  053  007  039  044  024  031  016  056  071  021  045  004  022  038  029  010  068  009  070  062  
env 060:   041  059  036  011  057  019  020  035  065  028  023  042  025  066  053  007  039  044  024  031  016  056  071  021  045  049  004  022  038  029  010  068  009  070  062  
env 071:   041  059  036  011  013  057  019  020  035  065  028  042  025  066  053  007  039  044  024  031  016  056  021  045  049  004  022  038  029  010  068  009  070  062  
env 077:   041  059  036  011  013  057  019  020  035  065  028  023  042  025  066  053  007  039  044  024  031  016  056  071  021  045  049  004  038  029  010  068  009  070  062  
env 084:   041  059  036  011  013  057  019  020  035  065  023  042  025  066  053  007  039  044  024  031  016  071  021  045  049  004  038  029  010  068  009  070  062  
env 095:   041  059  036  011  013  057  019  020  035  065  042  025  066  053  007  039  044  024  031  016  056  071  021  045  049  004  022  038  029  010  068  009  070  062  
env 034:   041  059  036  011  013  057  019  020  035  065  028  023  042  025  066  053  007  039  044  024  031  016  056  071  021  045  049  004  022  038  029  010  068  009  070  062  
env 043:   041  059  036  011  013  057  019  020  035  065  028  023  042  025  066  053  007  039  044  024  031  016  071  021  045  049  004  022  038  029  010  068  009  070  062  
env 054:   041  059  036  011  057  019  020  035  065  028  023  042  025  066  053  007  039  044  024  031  016  056  071  021  045  049  004  022  038  029  010  068  009  070  062  
env 063:   041  059  036  011  057  019  020  035  065  028  023  042  025  066  053  007  039  044  024  031  016  056  071  021  045  049  004  022  038  029  010  068  009  070  062  
env 072:   041  059  036  011  013  057  019  020  035  065  028  042  025  066  053  007  039  044  024  031  016  056  071  021  045  049  004  022  038  029  010  068  009  070  062  
env 081:   041  059  036  011  013  057  019  020  035  065  028  023  042  025  066  053  007  039  044  024  031  016  056  071  021  045  049  004  038  029  010  068  009  070  062  
env 090:   041  059  036  011  013  057  019  020  035  065  023  042  025  066  053  007  039  044  024  031  016  071  021  045  049  004  038  029  010  068  009  070  062  
env 096:   041  059  036  011  013  057  019  020  035  065  042  025  066  053  007  039  044  024  031  016  056  071  021  045  049  004  022  038  029  010  068  009  070  062  
