SKELETON:
  initial (pr2R) from 0 to 3
  initial (pr2L) from 0 to 3
  initial (red) from 0 to 3
  initial (green) from 0 to 3
  initial (blue) from 0 to 3
  initial (table1) from 0 to 3
  initial (table2) from 0 to 3
  touch (pr2R red) from 1 to 3
  stable (pr2R red) from 1 to 3
  touch (pr2L blue) from 2 to 2
  stable (pr2L blue) from 2 to 2
  above (blue green) from 3 to 3
  stableOn (green blue) from 3 to 3
  touch (pr2L blue) from 3 to 3
  touch (blue green) from 3 to 3
SWITCHES:
  START  -->  stable (pr2R red) from 1 to 3
  START  -->  stable (pr2L blue) from 2 to 2
  stable (pr2L blue) from 2 to 2  -->  stableOn (green blue) from 3 to 3
KOMO Problem:
  x-dim:74  dual-dim:0
  T:2 k:1 phases:2 stepsPerPhase:1 tau:10
  #configurations:3 q-dims: (0..0)32 (1..1)39 (2..2)35
    times:[10, 20]
  usingSwift:1
    TASK 'QuaternionNorms' ([1, 1])  type:eq  order:0  target:[]  scale:[3]
    TASK 'qItself#46' ([1, 1])  type:sos  order:1  target:[]  scale:[0.316228, 0.316228, 0.316228, 94.8683, 0.00316228, 0.0316228, 0.0316228, 0.0316228, 0.00316228, 0.0316228, 0.0316228, 0.0316228, 0.0316228, 0.0316228, 0.0316228, 0.0316228, 0.0316228, 0.0316228, 0.0316228, 0.0316228, 0.0316228, 0.0316228, 0.0316228, 0.0316228, 0.0316228]
    TASK 'qItself#46' ([1, 1])  type:sos  order:0  target:[]  scale:[0.0316228]
    TASK 'qZeroVel-red' ()  type:eq  order:1  target:[]  scale:[10]
    TASK 'TM_NoJumpToParent-1-red' ()  type:eq  order:1  target:[]  scale:[100]
    TASK 'TM_NoJumpToParent-1-blue' ([1])  type:eq  order:1  target:[]  scale:[100]
    TASK 'TM_NoJumpToParent-1-blue' ([0, 1])  type:eq  order:1  target:[]  scale:[100]
    TASK 'AboveBox:blue:green' ([0, 1])  type:ineq  order:0  target:[]  scale:[10]
    TASK 'PairCollision-pr2L-blue' ([0, 1])  type:eq  order:0  target:[]  scale:[100]
    TASK 'PairCollision-blue-green' ([0, 1])  type:eq  order:0  target:[]  scale:[100]
    TASK 'ProxyCost' ([1, 1])  type:sos  order:0  target:[]  scale:[10]
    SWITCH  timeOfApplication=-1  symbol=joint  jointType=free  fromId=105  toId=164
    SWITCH  timeOfApplication=0  symbol=joint  jointType=free  fromId=106  toId=166
    SWITCH  timeOfApplication=1  symbol=joint  jointType=transXYPhi  fromId=165  toId=166
{KOMO_specs:{ x_dim:74, T:2, k_order:1, tau:10, useSwift, X:[
0, 0, 0, 1, 0, 0, 0,
 0, 0, 0, 1, 0, 0, 0,
 -0.0500001, 0, 0.890675, 0.707107, 0, -0.707107, 0,
 -0.0670703, 0, 1.27213, 0.707107, 0, -0.707107, 0,
 0.0489299, 0, 1.11768, -0.707107, 0, 0, -0.707107,
 -0.0500001, -0.188, 0.890675, 0.620545, -0.339005, -0.620545, -0.339005,
 -0.0500001, 0.188, 0.890675, 0.620545, 0.339005, -0.620545, 0.339005,
 0.000929734, 0, 1.27213, -0.693012, -0.14048, -0.14048, -0.693012,
 0.0040302, -0.272147, 0.890675, -0.92972, -0.237396, -0.069654, -0.272787,
 0.0040302, 0.272147, 0.890675, -0.272787, -0.069654, -0.237396, -0.92972,
 0.0040302, -0.272147, 0.890675, 0.803075, -0.303564, 0.413242, -0.303564,
 0.0040302, 0.272147, 0.890675, 0.803075, 0.303564, 0.413242, 0.303564,
 0.193694, -0.567532, 0.698905, 0.488053, -0.616559, -0.0233568, 0.617346,
 0.193694, 0.567532, 0.698905, 0.617346, -0.0233568, -0.616559, 0.488053,
 0.193694, -0.567532, 0.698905, -0.285995, 0.839705, 0.393399, 0.24154,
 0.193694, 0.567532, 0.698905, -0.285995, -0.839705, 0.393399, -0.24154,
 0.377881, -0.399803, 0.901348, -0.145707, 0.937118, -0.297998, -0.108535,
 0.377881, 0.399803, 0.901348, -0.108535, -0.297998, 0.937118, -0.145707,
 0.39889, -0.372037, 0.908767, -0.0418855, -0.890686, -0.431374, -0.137276,
 0.39889, 0.372037, 0.908767, -0.0418855, 0.890686, -0.431374, 0.137276,
 0.451847, -0.318295, 0.926726, -0.297898, -0.742696, -0.24844, 0.54584,
 0.436708, -0.305809, 0.922865, 0.301692, -0.518311, -0.370556, -0.709245,
 0.436708, 0.305809, 0.922865, -0.370556, 0.709245, -0.301692, -0.518311,
 0.451847, 0.318295, 0.926726, 0.24844, 0.54584, -0.297898, 0.742696,
 0.515841, -0.256544, 0.948282, -0.27541, 0.532741, 0.334645, 0.726879,
 0.479436, -0.226517, 0.938997, 0.334645, 0.726879, 0.27541, -0.532741,
 0.479436, 0.226517, 0.938997, -0.27541, -0.532741, 0.334645, -0.726879,
 0.515841, 0.256544, 0.948281, 0.334645, -0.726879, 0.27541, 0.532741,
 0.487006, -0.23276, 0.940927, 0.0674513, -0.934838, 0.324783, -0.126686,
 0.508271, 0.2503, 0.946351, -0.126686, 0.324783, -0.934838, 0.0674513,
 -0.0282159, 0.00517696, 0.272424, 1, 0, 0, 0,
 0, 0, 0, 1, 0, 0, 0,
 -0.29, 0, 0.851, 1, 0, 0, 0,
 0.21838, 0.225407, 0.180919, 1, 0, 0, 0,
 0.224225, 0.270791, 0.0789213, 1, 0, 0, 0,
 0.224225, 0.172791, 0.0789213, 1, 0, 0, 0,
 0.21838, -0.223793, 0.180919, 1, 0, 0, 0,
 0.224225, -0.178409, 0.0789213, 1, 0, 0, 0,
 0.224225, -0.276409, 0.0789213, 1, 0, 0, 0,
 -0.23082, 0.225407, 0.180919, 1, 0, 0, 0,
 -0.224975, 0.270791, 0.0789213, 1, 0, 0, 0,
 -0.224975, 0.172791, 0.0789213, 1, 0, 0, 0,
 -0.23082, -0.223793, 0.180919, 1, 0, 0, 0,
 -0.224975, -0.178409, 0.0789213, 1, 0, 0, 0,
 -0.224975, -0.276409, 0.0789213, 1, 0, 0, 0,
 -0.116563, -0.00108579, 1.01135, -1, 0, 0, -0,
 -0.026643, 0.000777182, 1.26448, -1, 0, 0, -0,
 0.03954, 0.00096181, 1.36052, 0.980067, 0, 0.198669, 0,
 0.0474159, 1.43584e-08, 1.3225, 0.980067, 0, 0.198669, 0,
 0.0474159, 1.43584e-08, 1.3225, 0.980067, 0, 0.198669, 0,
 0.0479407, 8.16945e-09, 1.34942, 0.980067, 0, 0.198669, 0,
 -0.0538428, 0.00394506, 1.57636, 0.980067, 0, 0.198669, 0,
 -0.0208361, 0.0124999, 1.5983, 0.980067, 0, 0.198669, 0,
 -0.0208361, -0.0175001, 1.5983, 0.980067, 0, 0.198669, 0,
 -0.0524158, 0.0124999, 1.56005, 0.980067, 0, 0.198669, 0,
 0.0472586, -0.00300578, 1.12989, 1, 0, -0, 0,
 -0.0448562, -0.191235, 0.722545, -0.877583, 0, 0, 0.479426,
 0.033844, -0.320941, 0.877835, 0.850301, 0.118612, 0.217118, -0.464522,
 0.061539, -0.361528, 0.832555, 0.803075, -0.303564, 0.413242, -0.303564,
 0.144326, -0.497476, 0.743806, 0.803075, -0.303564, 0.413242, -0.303564,
 0.244854, -0.51539, 0.746781, -0.285995, 0.839705, 0.393399, 0.24154,
 0.210596, -0.556788, 0.714328, -0.781635, 0.419457, 0.452489, -0.0914241,
 0.318984, -0.452781, 0.833042, -0.285995, 0.839705, 0.393399, 0.24154,
 0.376423, -0.402433, 0.902914, 0.179776, -0.873359, -0.451926, -0.0262847,
 0.417531, -0.34752, 0.916464, -0.0418855, -0.890686, -0.431374, -0.137276,
 0.451216, -0.303233, 0.927257, -0.0418855, -0.890686, -0.431374, -0.137276,
 0.39889, -0.372037, 0.908767, -0.0418855, -0.890686, -0.431374, -0.137276,
 0.493236, -0.291834, 0.940276, 0.0349722, 0.911133, 0.386319, 0.139198,
 0.45184, -0.257573, 0.929275, -0.868013, 0.0486941, 0.135011, -0.475351,
 0.521172, -0.250676, 0.950242, -0.0418855, -0.890686, -0.431374, -0.137276,
 0.483703, -0.219702, 0.940425, 0.890686, -0.0418855, -0.137276, 0.431374,
 -0.0491989, 0.194023, 0.722545, -0.877583, 0, 0, -0.479426,
 0.0359917, 0.319562, 0.877835, 0.850301, -0.118612, 0.217118, 0.464522,
 0.0614936, 0.361649, 0.832696, 0.803075, 0.303564, 0.413242, 0.303564,
 0.144615, 0.496706, 0.742906, 0.803075, 0.303564, 0.413242, 0.303564,
 0.245654, 0.515918, 0.746491, -0.285995, -0.839705, 0.393399, -0.24154,
 0.210883, 0.556023, 0.713434, -0.781635, -0.419457, 0.452489, 0.0914241,
 0.317879, 0.452053, 0.833444, -0.285995, -0.839705, 0.393399, -0.24154,
 0.376795, 0.402679, 0.902779, 0.179776, 0.873359, -0.451926, 0.0262847,
 0.417092, 0.347158, 0.916352, -0.0418855, 0.890686, -0.431374, 0.137276,
 0.450881, 0.302957, 0.927172, -0.0418855, 0.890686, -0.431374, 0.137276,
 0.39889, 0.372037, 0.908767, -0.0418855, 0.890686, -0.431374, 0.137276,
 0.45172, 0.257591, 0.929687, 0.0486941, -0.868013, 0.475351, -0.135011,
 0.493356, 0.291815, 0.939863, 0.911133, 0.0349722, -0.139198, -0.386319,
 0.483632, 0.219713, 0.940668, -0.0418855, 0.890686, -0.431374, 0.137276,
 0.521242, 0.250665, 0.949999, -0.890686, -0.0418855, 0.137276, 0.431374,
 0, 0, 0.18, 1, 0, 0, 0,
 -0.13, 0, 0.55, 1, 0, 0, 0,
 0.108979, -0.435596, 0.78456, 0.803075, -0.303564, 0.413242, -0.303564,
 0.31419, -0.457802, 0.831344, -0.29955, 0.830764, 0.383179, 0.270698,
 0.469707, -0.278444, 0.933776, -0.0418855, -0.890686, -0.431374, -0.137276,
 0.108979, 0.435596, 0.78456, 0.803075, 0.303564, 0.413242, 0.303564,
 0.31419, 0.457802, 0.831344, -0.29955, -0.830764, 0.383179, -0.270698,
 0.469707, 0.278444, 0.933776, -0.0418855, 0.890686, -0.431374, 0.137276,
 0.508271, 0.2503, 0.946351, 0.0418855, -0.890686, 0.431374, -0.137276,
 0.487006, -0.23276, 0.940927, 0.0418855, 0.890686, 0.431374, 0.137276,
 0.404791, -0.364237, 0.910851, -0.579725, -0.753368, 0.191417, 0.244376,
 0.404791, 0.364237, 0.910851, 0.031525, 0.437371, -0.64258, -0.628336,
 0, 0, 0, 1, 0, 0, 0,
 0.15, 0, 0.890675, 1, 0, -1.11022e-16, 0,
 0.121345, 4.95118e-08, 1.3515, -0.589368, -0.390699, 0.390699, 0.589368,
 0.55, 0, 0.790675, 0.707107, 5.55112e-17, -5.55112e-17, -0.707107,
 0.093713, 3.09449e-08, 1.36318, 0.390699, -0.589368, 0.589368, -0.390699,
 -0.0208361, -0.0175001, 1.5983, 0.589368, 0.390699, -0.390699, -0.589368,
 0.0472586, -0.00300578, 1.12989, 0.5, -0.5, 0.5, -0.5,
 0.505116, -0.231648, 0.94628, 0.140075, -0.319237, -0.708725, 0.613335,
 0.505116, 0.231648, 0.94628, -0.613335, 0.708725, 0.319237, -0.140075,
 0, 0, 0, 1, 0, 0, 0,
 -0.0500001, 0, 0.890675, 0.707107, 0, -0.707107, 0,
 -0.05, 0, 0.790675, 0.707107, 0, -0.707107, 0,
 -0.0670703, 0, 1.27213, 0.707107, 0, -0.707107, 0,
 -0.0670703, 0, 1.27213, 0.707107, 0, -0.707107, 0,
 0.0489299, 0, 1.11768, -0.707107, 0, 0, -0.707107,
 0.0489299, 0, 1.11768, -0.707107, 0, 0, -0.707107,
 -0.0500001, -0.188, 0.890675, 0.620545, -0.339005, -0.620545, -0.339005,
 -0.0500001, -0.188, 0.890675, 0.707107, 0, -0.707107, 0,
 -0.0500001, 0.188, 0.890675, 0.620545, 0.339005, -0.620545, 0.339005,
 -0.0500001, 0.188, 0.890675, 0.707107, 0, -0.707107, 0,
 0.000929734, 0, 1.27213, -0.693012, -0.14048, -0.14048, -0.693012,
 0.000929734, 0, 1.27213, -0.707107, 0, 0, -0.707107,
 0.0040302, -0.272147, 0.890675, -0.92972, -0.237396, -0.069654, -0.272787,
 0.0040302, -0.272147, 0.890675, -0.95955, 0, 2.77556e-17, -0.28154,
 0.0040302, 0.272147, 0.890675, -0.272787, -0.069654, -0.237396, -0.92972,
 0.0040302, 0.272147, 0.890675, -0.28154, -5.55112e-17, 0, -0.95955,
 0.0040302, -0.272147, 0.890675, 0.803075, -0.303564, 0.413242, -0.303564,
 0.0040302, -0.272147, 0.890675, 0.850301, 0.118612, 0.217118, -0.464522,
 0.0040302, 0.272147, 0.890675, 0.803075, 0.303564, 0.413242, 0.303564,
 0.0040302, 0.272147, 0.890675, 0.850301, -0.118612, 0.217118, 0.464522,
 0.193694, -0.567532, 0.698905, 0.488053, -0.616559, -0.0233568, 0.617346,
 0.193694, -0.567532, 0.698905, 0.782512, 0.0775539, 0.506859, 0.353207,
 0.193694, 0.567532, 0.698905, 0.617346, -0.0233568, -0.616559, 0.488053,
 0.193694, 0.567532, 0.698905, 0.353207, 0.506859, 0.0775539, 0.782512,
 0.193694, -0.567532, 0.698905, -0.285995, 0.839705, 0.393399, 0.24154,
 0.193694, -0.567532, 0.698905, -0.781635, 0.419457, 0.452489, -0.0914241,
 0.193694, 0.567532, 0.698905, -0.285995, -0.839705, 0.393399, -0.24154,
 0.193694, 0.567532, 0.698905, -0.781635, -0.419457, 0.452489, 0.0914241,
 0.377881, -0.399803, 0.901348, -0.145707, 0.937118, -0.297998, -0.108535,
 0.377881, -0.399803, 0.901348, -0.373024, 0.871937, -0.315586, -0.0314346,
 0.377881, 0.399803, 0.901348, -0.108535, -0.297998, 0.937118, -0.145707,
 0.377881, 0.399803, 0.901348, -0.0314346, -0.315586, 0.871937, -0.373024,
 0.377881, -0.399803, 0.901348, -0.0418855, -0.890686, -0.431374, -0.137276,
 0.377881, -0.399803, 0.901348, 0.179776, -0.873359, -0.451926, -0.0262847,
 0.377881, 0.399803, 0.901348, -0.0418855, 0.890686, -0.431374, 0.137276,
 0.377881, 0.399803, 0.901348, 0.179776, 0.873359, -0.451926, 0.0262847,
 0.451847, -0.318295, 0.926726, -0.297898, -0.742696, -0.24844, 0.54584,
 0.451847, -0.318295, 0.926726, -0.334645, -0.726879, -0.27541, 0.532741,
 0.436708, -0.305809, 0.922865, 0.301692, -0.518311, -0.370556, -0.709245,
 0.436708, -0.305809, 0.922865, 0.27541, -0.532741, -0.334645, -0.726879,
 0.436708, 0.305809, 0.922865, -0.370556, 0.709245, -0.301692, -0.518311,
 0.436708, 0.305809, 0.922865, -0.334645, 0.726879, -0.27541, -0.532741,
 0.451847, 0.318295, 0.926726, 0.24844, 0.54584, -0.297898, 0.742696,
 0.451847, 0.318295, 0.926726, 0.27541, 0.532741, -0.334645, 0.726879,
 0.515841, -0.256544, 0.948282, -0.27541, 0.532741, 0.334645, 0.726879,
 0.515841, -0.256544, 0.948282, -0.24844, 0.54584, 0.297898, 0.742696,
 0.479436, -0.226517, 0.938997, 0.334645, 0.726879, 0.27541, -0.532741,
 0.479436, -0.226517, 0.938997, 0.370556, 0.709245, 0.301692, -0.518311,
 0.479436, 0.226517, 0.938997, -0.27541, -0.532741, 0.334645, -0.726879,
 0.479436, 0.226517, 0.938997, -0.301692, -0.518311, 0.370556, -0.709245,
 0.515841, 0.256544, 0.948281, 0.334645, -0.726879, 0.27541, 0.532741,
 0.515841, 0.256544, 0.948281, 0.297898, -0.742696, 0.24844, 0.54584,
 0.487006, -0.23276, 0.940927, 0.0674513, -0.934838, 0.324783, -0.126686,
 0.479436, -0.226517, 0.938997, 0.0674513, -0.934838, 0.324783, -0.126686,
 0.508271, 0.2503, 0.946351, -0.126686, 0.324783, -0.934838, 0.0674513,
 0.515841, 0.256544, 0.948281, -0.126686, 0.324783, -0.934838, 0.0674513,
 -0.300016, 1.10001, 0.750004, -0.707108, -2.77556e-17, 2.77556e-17, -0.707108,
 1.38778e-17, 1.15, 0.75, 0.707107, 0, 0, 0.707107,
 0.299997, 0.850005, 0.749998, -0.707108, -8.32667e-17, 2.77556e-17, -0.707108,
 0.1, 1.1, 0.6, 0.707107, 0, 0, 0.707107,
 0.8, 0, 0.6, 1, 0, 0, 0,
 -0.300016, 1.10001, 0.750004, -0.707108, -2.77556e-17, 2.77556e-17, -0.707108,
 1.38778e-17, 1.15, 0.75, 0.707107, 0, 0, 0.707107,
 0.299997, 0.850005, 0.749998, -0.707108, -8.32667e-17, 2.77556e-17, -0.707108,
 
0, 0, 0, 1, 0, 0, 0,
 0, 0, 0, 1, 0, 0, 0,
 -0.0500001, 0, 0.890675, 0.707107, 0, -0.707107, 0,
 -0.0670703, 0, 1.27213, 0.707107, 0, -0.707107, 0,
 0.0489299, 0, 1.11768, -0.707107, 0, 0, -0.707107,
 -0.0500001, -0.188, 0.890675, 0.620545, -0.339005, -0.620545, -0.339005,
 -0.0500001, 0.188, 0.890675, 0.620545, 0.339005, -0.620545, 0.339005,
 0.000929734, 0, 1.27213, -0.693012, -0.14048, -0.14048, -0.693012,
 0.0040302, -0.272147, 0.890675, -0.92972, -0.237396, -0.069654, -0.272787,
 0.0040302, 0.272147, 0.890675, -0.272787, -0.069654, -0.237396, -0.92972,
 0.0040302, -0.272147, 0.890675, 0.803075, -0.303564, 0.413242, -0.303564,
 0.0040302, 0.272147, 0.890675, 0.803075, 0.303564, 0.413242, 0.303564,
 0.193694, -0.567532, 0.698905, 0.488053, -0.616559, -0.0233568, 0.617346,
 0.193694, 0.567532, 0.698905, 0.617346, -0.0233568, -0.616559, 0.488053,
 0.193694, -0.567532, 0.698905, -0.285995, 0.839705, 0.393399, 0.24154,
 0.193694, 0.567532, 0.698905, -0.285995, -0.839705, 0.393399, -0.24154,
 0.377881, -0.399803, 0.901348, -0.145707, 0.937118, -0.297998, -0.108535,
 0.377881, 0.399803, 0.901348, -0.108535, -0.297998, 0.937118, -0.145707,
 0.39889, -0.372037, 0.908767, -0.0418855, -0.890686, -0.431374, -0.137276,
 0.39889, 0.372037, 0.908767, -0.0418855, 0.890686, -0.431374, 0.137276,
 0.451847, -0.318295, 0.926726, -0.297898, -0.742696, -0.24844, 0.54584,
 0.436708, -0.305809, 0.922865, 0.301692, -0.518311, -0.370556, -0.709245,
 0.436708, 0.305809, 0.922865, -0.370556, 0.709245, -0.301692, -0.518311,
 0.451847, 0.318295, 0.926726, 0.24844, 0.54584, -0.297898, 0.742696,
 0.515841, -0.256544, 0.948282, -0.27541, 0.532741, 0.334645, 0.726879,
 0.479436, -0.226517, 0.938997, 0.334645, 0.726879, 0.27541, -0.532741,
 0.479436, 0.226517, 0.938997, -0.27541, -0.532741, 0.334645, -0.726879,
 0.515841, 0.256544, 0.948281, 0.334645, -0.726879, 0.27541, 0.532741,
 0.487006, -0.23276, 0.940927, 0.0674513, -0.934838, 0.324783, -0.126686,
 0.508271, 0.2503, 0.946351, -0.126686, 0.324783, -0.934838, 0.0674513,
 -0.0282159, 0.00517696, 0.272424, 1, 0, 0, 0,
 0, 0, 0, 1, 0, 0, 0,
 -0.29, 0, 0.851, 1, 0, 0, 0,
 0.21838, 0.225407, 0.180919, 1, 0, 0, 0,
 0.224225, 0.270791, 0.0789213, 1, 0, 0, 0,
 0.224225, 0.172791, 0.0789213, 1, 0, 0, 0,
 0.21838, -0.223793, 0.180919, 1, 0, 0, 0,
 0.224225, -0.178409, 0.0789213, 1, 0, 0, 0,
 0.224225, -0.276409, 0.0789213, 1, 0, 0, 0,
 -0.23082, 0.225407, 0.180919, 1, 0, 0, 0,
 -0.224975, 0.270791, 0.0789213, 1, 0, 0, 0,
 -0.224975, 0.172791, 0.0789213, 1, 0, 0, 0,
 -0.23082, -0.223793, 0.180919, 1, 0, 0, 0,
 -0.224975, -0.178409, 0.0789213, 1, 0, 0, 0,
 -0.224975, -0.276409, 0.0789213, 1, 0, 0, 0,
 -0.116563, -0.00108579, 1.01135, -1, 0, 0, -0,
 -0.026643, 0.000777182, 1.26448, -1, 0, 0, -0,
 0.03954, 0.00096181, 1.36052, 0.980067, 0, 0.198669, 0,
 0.0474159, 1.43584e-08, 1.3225, 0.980067, 0, 0.198669, 0,
 0.0474159, 1.43584e-08, 1.3225, 0.980067, 0, 0.198669, 0,
 0.0479407, 8.16945e-09, 1.34942, 0.980067, 0, 0.198669, 0,
 -0.0538428, 0.00394506, 1.57636, 0.980067, 0, 0.198669, 0,
 -0.0208361, 0.0124999, 1.5983, 0.980067, 0, 0.198669, 0,
 -0.0208361, -0.0175001, 1.5983, 0.980067, 0, 0.198669, 0,
 -0.0524158, 0.0124999, 1.56005, 0.980067, 0, 0.198669, 0,
 0.0472586, -0.00300578, 1.12989, 1, 0, -0, 0,
 -0.0448562, -0.191235, 0.722545, -0.877583, 0, 0, 0.479426,
 0.033844, -0.320941, 0.877835, 0.850301, 0.118612, 0.217118, -0.464522,
 0.061539, -0.361528, 0.832555, 0.803075, -0.303564, 0.413242, -0.303564,
 0.144326, -0.497476, 0.743806, 0.803075, -0.303564, 0.413242, -0.303564,
 0.244854, -0.51539, 0.746781, -0.285995, 0.839705, 0.393399, 0.24154,
 0.210596, -0.556788, 0.714328, -0.781635, 0.419457, 0.452489, -0.0914241,
 0.318984, -0.452781, 0.833042, -0.285995, 0.839705, 0.393399, 0.24154,
 0.376423, -0.402433, 0.902914, 0.179776, -0.873359, -0.451926, -0.0262847,
 0.417531, -0.34752, 0.916464, -0.0418855, -0.890686, -0.431374, -0.137276,
 0.451216, -0.303233, 0.927257, -0.0418855, -0.890686, -0.431374, -0.137276,
 0.39889, -0.372037, 0.908767, -0.0418855, -0.890686, -0.431374, -0.137276,
 0.493236, -0.291834, 0.940276, 0.0349722, 0.911133, 0.386319, 0.139198,
 0.45184, -0.257573, 0.929275, -0.868013, 0.0486941, 0.135011, -0.475351,
 0.521172, -0.250676, 0.950242, -0.0418855, -0.890686, -0.431374, -0.137276,
 0.483703, -0.219702, 0.940425, 0.890686, -0.0418855, -0.137276, 0.431374,
 -0.0491989, 0.194023, 0.722545, -0.877583, 0, 0, -0.479426,
 0.0359917, 0.319562, 0.877835, 0.850301, -0.118612, 0.217118, 0.464522,
 0.0614936, 0.361649, 0.832696, 0.803075, 0.303564, 0.413242, 0.303564,
 0.144615, 0.496706, 0.742906, 0.803075, 0.303564, 0.413242, 0.303564,
 0.245654, 0.515918, 0.746491, -0.285995, -0.839705, 0.393399, -0.24154,
 0.210883, 0.556023, 0.713434, -0.781635, -0.419457, 0.452489, 0.0914241,
 0.317879, 0.452053, 0.833444, -0.285995, -0.839705, 0.393399, -0.24154,
 0.376795, 0.402679, 0.902779, 0.179776, 0.873359, -0.451926, 0.0262847,
 0.417092, 0.347158, 0.916352, -0.0418855, 0.890686, -0.431374, 0.137276,
 0.450881, 0.302957, 0.927172, -0.0418855, 0.890686, -0.431374, 0.137276,
 0.39889, 0.372037, 0.908767, -0.0418855, 0.890686, -0.431374, 0.137276,
 0.45172, 0.257591, 0.929687, 0.0486941, -0.868013, 0.475351, -0.135011,
 0.493356, 0.291815, 0.939863, 0.911133, 0.0349722, -0.139198, -0.386319,
 0.483632, 0.219713, 0.940668, -0.0418855, 0.890686, -0.431374, 0.137276,
 0.521242, 0.250665, 0.949999, -0.890686, -0.0418855, 0.137276, 0.431374,
 0, 0, 0.18, 1, 0, 0, 0,
 -0.13, 0, 0.55, 1, 0, 0, 0,
 0.108979, -0.435596, 0.78456, 0.803075, -0.303564, 0.413242, -0.303564,
 0.31419, -0.457802, 0.831344, -0.29955, 0.830764, 0.383179, 0.270698,
 0.469707, -0.278444, 0.933776, -0.0418855, -0.890686, -0.431374, -0.137276,
 0.108979, 0.435596, 0.78456, 0.803075, 0.303564, 0.413242, 0.303564,
 0.31419, 0.457802, 0.831344, -0.29955, -0.830764, 0.383179, -0.270698,
 0.469707, 0.278444, 0.933776, -0.0418855, 0.890686, -0.431374, 0.137276,
 0.508271, 0.2503, 0.946351, 0.0418855, -0.890686, 0.431374, -0.137276,
 0.487006, -0.23276, 0.940927, 0.0418855, 0.890686, 0.431374, 0.137276,
 0.404791, -0.364237, 0.910851, -0.579725, -0.753368, 0.191417, 0.244376,
 0.404791, 0.364237, 0.910851, 0.031525, 0.437371, -0.64258, -0.628336,
 0, 0, 0, 1, 0, 0, 0,
 0.15, 0, 0.890675, 1, 0, -1.11022e-16, 0,
 0.121345, 4.95118e-08, 1.3515, -0.589368, -0.390699, 0.390699, 0.589368,
 0.55, 0, 0.790675, 0.707107, 5.55112e-17, -5.55112e-17, -0.707107,
 0.093713, 3.09449e-08, 1.36318, 0.390699, -0.589368, 0.589368, -0.390699,
 -0.0208361, -0.0175001, 1.5983, 0.589368, 0.390699, -0.390699, -0.589368,
 0.0472586, -0.00300578, 1.12989, 0.5, -0.5, 0.5, -0.5,
 0.505116, -0.231648, 0.94628, 0.140075, -0.319237, -0.708725, 0.613335,
 0.505116, 0.231648, 0.94628, -0.613335, 0.708725, 0.319237, -0.140075,
 0, 0, 0, 1, 0, 0, 0,
 -0.0500001, 0, 0.890675, 0.707107, 0, -0.707107, 0,
 -0.05, 0, 0.790675, 0.707107, 0, -0.707107, 0,
 -0.0670703, 0, 1.27213, 0.707107, 0, -0.707107, 0,
 -0.0670703, 0, 1.27213, 0.707107, 0, -0.707107, 0,
 0.0489299, 0, 1.11768, -0.707107, 0, 0, -0.707107,
 0.0489299, 0, 1.11768, -0.707107, 0, 0, -0.707107,
 -0.0500001, -0.188, 0.890675, 0.620545, -0.339005, -0.620545, -0.339005,
 -0.0500001, -0.188, 0.890675, 0.707107, 0, -0.707107, 0,
 -0.0500001, 0.188, 0.890675, 0.620545, 0.339005, -0.620545, 0.339005,
 -0.0500001, 0.188, 0.890675, 0.707107, 0, -0.707107, 0,
 0.000929734, 0, 1.27213, -0.693012, -0.14048, -0.14048, -0.693012,
 0.000929734, 0, 1.27213, -0.707107, 0, 0, -0.707107,
 0.0040302, -0.272147, 0.890675, -0.92972, -0.237396, -0.069654, -0.272787,
 0.0040302, -0.272147, 0.890675, -0.95955, 0, 2.77556e-17, -0.28154,
 0.0040302, 0.272147, 0.890675, -0.272787, -0.069654, -0.237396, -0.92972,
 0.0040302, 0.272147, 0.890675, -0.28154, -5.55112e-17, 0, -0.95955,
 0.0040302, -0.272147, 0.890675, 0.803075, -0.303564, 0.413242, -0.303564,
 0.0040302, -0.272147, 0.890675, 0.850301, 0.118612, 0.217118, -0.464522,
 0.0040302, 0.272147, 0.890675, 0.803075, 0.303564, 0.413242, 0.303564,
 0.0040302, 0.272147, 0.890675, 0.850301, -0.118612, 0.217118, 0.464522,
 0.193694, -0.567532, 0.698905, 0.488053, -0.616559, -0.0233568, 0.617346,
 0.193694, -0.567532, 0.698905, 0.782512, 0.0775539, 0.506859, 0.353207,
 0.193694, 0.567532, 0.698905, 0.617346, -0.0233568, -0.616559, 0.488053,
 0.193694, 0.567532, 0.698905, 0.353207, 0.506859, 0.0775539, 0.782512,
 0.193694, -0.567532, 0.698905, -0.285995, 0.839705, 0.393399, 0.24154,
 0.193694, -0.567532, 0.698905, -0.781635, 0.419457, 0.452489, -0.0914241,
 0.193694, 0.567532, 0.698905, -0.285995, -0.839705, 0.393399, -0.24154,
 0.193694, 0.567532, 0.698905, -0.781635, -0.419457, 0.452489, 0.0914241,
 0.377881, -0.399803, 0.901348, -0.145707, 0.937118, -0.297998, -0.108535,
 0.377881, -0.399803, 0.901348, -0.373024, 0.871937, -0.315586, -0.0314346,
 0.377881, 0.399803, 0.901348, -0.108535, -0.297998, 0.937118, -0.145707,
 0.377881, 0.399803, 0.901348, -0.0314346, -0.315586, 0.871937, -0.373024,
 0.377881, -0.399803, 0.901348, -0.0418855, -0.890686, -0.431374, -0.137276,
 0.377881, -0.399803, 0.901348, 0.179776, -0.873359, -0.451926, -0.0262847,
 0.377881, 0.399803, 0.901348, -0.0418855, 0.890686, -0.431374, 0.137276,
 0.377881, 0.399803, 0.901348, 0.179776, 0.873359, -0.451926, 0.0262847,
 0.451847, -0.318295, 0.926726, -0.297898, -0.742696, -0.24844, 0.54584,
 0.451847, -0.318295, 0.926726, -0.334645, -0.726879, -0.27541, 0.532741,
 0.436708, -0.305809, 0.922865, 0.301692, -0.518311, -0.370556, -0.709245,
 0.436708, -0.305809, 0.922865, 0.27541, -0.532741, -0.334645, -0.726879,
 0.436708, 0.305809, 0.922865, -0.370556, 0.709245, -0.301692, -0.518311,
 0.436708, 0.305809, 0.922865, -0.334645, 0.726879, -0.27541, -0.532741,
 0.451847, 0.318295, 0.926726, 0.24844, 0.54584, -0.297898, 0.742696,
 0.451847, 0.318295, 0.926726, 0.27541, 0.532741, -0.334645, 0.726879,
 0.515841, -0.256544, 0.948282, -0.27541, 0.532741, 0.334645, 0.726879,
 0.515841, -0.256544, 0.948282, -0.24844, 0.54584, 0.297898, 0.742696,
 0.479436, -0.226517, 0.938997, 0.334645, 0.726879, 0.27541, -0.532741,
 0.479436, -0.226517, 0.938997, 0.370556, 0.709245, 0.301692, -0.518311,
 0.479436, 0.226517, 0.938997, -0.27541, -0.532741, 0.334645, -0.726879,
 0.479436, 0.226517, 0.938997, -0.301692, -0.518311, 0.370556, -0.709245,
 0.515841, 0.256544, 0.948281, 0.334645, -0.726879, 0.27541, 0.532741,
 0.515841, 0.256544, 0.948281, 0.297898, -0.742696, 0.24844, 0.54584,
 0.487006, -0.23276, 0.940927, 0.0674513, -0.934838, 0.324783, -0.126686,
 0.479436, -0.226517, 0.938997, 0.0674513, -0.934838, 0.324783, -0.126686,
 0.508271, 0.2503, 0.946351, -0.126686, 0.324783, -0.934838, 0.0674513,
 0.515841, 0.256544, 0.948281, -0.126686, 0.324783, -0.934838, 0.0674513,
 -0.300016, 1.10001, 0.750004, -0.707108, -2.77556e-17, 2.77556e-17, -0.707108,
 1.38778e-17, 1.15, 0.75, 0.707107, 0, 0, 0.707107,
 0.299997, 0.850005, 0.9, 0.707107, 0, 0, 0.707107,
 0.1, 1.1, 0.6, 0.707107, 0, 0, 0.707107,
 0.8, 0, 0.6, 1, 0, 0, 0,
 -0.300016, 1.10001, 0.750004, -0.707108, -2.77556e-17, 2.77556e-17, -0.707108,
 1.38778e-17, 1.15, 0.75, 0.707107, 0, 0, 0.707107,
 0.299997, 0.850005, 0.9, 0.707107, 0, 0, 0.707107,
 ], x:[[0, 0, 0, 0.1, 0, 0, -1, 1, 0.4, 0.5, 0.5, -1, 1, -2, -2, -1.5, 1.5, -0.5, -0.5, -0.5, 0.5, 0.1, 0.1, 0.01, 0.01, 1.4787, 0.0205667, -0.522559, -0.53274, -0.726877, -0.275409, 0.334644, 0.192904, 0.103524, 0.64423, 0.53274, 0.726877, -0.275409, 0.334644], [0, 0, 0, 0.1, 0, 0, -1, 1, 0.4, 0.5, 0.5, -1, 1, -2, -2, -1.5, 1.5, -0.5, -0.5, -0.5, 0.5, 0.1, 0.1, 0.01, 0.01, 1.4787, 0.0205667, -0.522559, -0.53274, -0.726877, -0.275409, 0.334644, -0.299995, -0.299997, 0]], dual:[] },
QuaternionNorms:{ order:0, type:eq, feature:QuaternionNorms, vars:[1, 1] },
qItself#46:{ order:1, type:sos, feature:"qItself#46", vars:[1, 1] },
qItself#46:{ order:0, type:sos, feature:"qItself#46", vars:[1, 1] },
qZeroVel-red:{ order:1, type:eq, feature:"qZeroVel-red" },
TM_NoJumpToParent-1-red:{ order:1, type:eq, feature:"TM_NoJumpToParent-1-red" },
TM_NoJumpToParent-1-blue:{ order:1, type:eq, feature:"TM_NoJumpToParent-1-blue", vars:[1] },
TM_NoJumpToParent-1-blue:{ order:1, type:eq, feature:"TM_NoJumpToParent-1-blue", vars:[0, 1] },
AboveBox:blue:green:{ order:0, type:ineq, feature:"AboveBox:blue:green", vars:[0, 1] },
PairCollision-pr2L-blue:{ order:0, type:eq, feature:"PairCollision-pr2L-blue", vars:[0, 1] },
PairCollision-blue-green:{ order:0, type:eq, feature:"PairCollision-blue-green", vars:[0, 1] },
ProxyCost:{ order:0, type:sos, feature:ProxyCost, vars:[1, 1] }}KOMO_run_log: [
{ lagrangianQuery: True, errors: [0.443443, 3.41441, 49.981] },
{ lineSearch: 0, alpha: 1, beta: 1, f_x: 3368.41, f_y: 1310.94, wolfe: 1, accept: True },
{ newton: 1, evaluations: 2, f_x: 1310.94, alpha: 1.5 },
{ lagrangianQuery: True, errors: [0.699436, 2.0622, 20.2737] },
{ lineSearch: 0, alpha: 1, beta: 1, f_x: 1310.94, f_y: 201.078, wolfe: 1, accept: True },
{ newton: 2, evaluations: 3, f_x: 201.078, alpha: 1.5 },
{ lagrangianQuery: True, errors: [0.374037, 1.42535, 10.9835] },
{ lineSearch: 0, alpha: 1, beta: 1, f_x: 201.078, f_y: 60.2439, wolfe: 1, accept: True },
{ newton: 3, evaluations: 4, f_x: 60.2439, alpha: 1.5 },
{ lagrangianQuery: True, errors: [1.84061, 0.722883, 1.60409] },
{ lineSearch: 0, alpha: 1, beta: 1, f_x: 60.2439, f_y: 2.93942, wolfe: 1, accept: True },
{ newton: 4, evaluations: 5, f_x: 2.93942, alpha: 1.5 },
{ lagrangianQuery: True, errors: [0.034227, 0.598048, 2.52859] },
{ lineSearch: 0, alpha: 1, beta: 1, f_x: 2.93942, f_y: 5.89623, wolfe: 0, accept: False },
{ lagrangianQuery: True, errors: [0.490512, 0.660465, 1.51318] },
{ lineSearch: 1, alpha: 0.5, beta: 1, f_x: 2.93942, f_y: 2.05334, wolfe: 1, accept: True },
{ newton: 5, evaluations: 7, f_x: 2.05334, alpha: 0.75 },
{ lagrangianQuery: True, errors: [0.0826713, 0.534506, 0.97524] },
{ lineSearch: 0, alpha: 0.75, beta: 1, f_x: 2.05334, f_y: 1.01888, wolfe: 1, accept: True },
{ newton: 6, evaluations: 8, f_x: 1.01888, alpha: 1.125 },
{ lagrangianQuery: True, errors: [0.00676672, 0.00643383, 2.26641] },
{ lineSearch: 0, alpha: 1, beta: 1, f_x: 1.01888, f_y: 4.81328, wolfe: 0, accept: False },
{ lagrangianQuery: True, errors: [0.0218667, 0.27047, 1.23257] },
{ lineSearch: 1, alpha: 0.5, beta: 1, f_x: 1.01888, f_y: 1.46002, wolfe: 0, accept: False },
{ lagrangianQuery: True, errors: [0.0487839, 0.402488, 0.948897] },
{ lineSearch: 2, alpha: 0.25, beta: 1, f_x: 1.01888, f_y: 0.910177, wolfe: 1, accept: True },
{ newton: 7, evaluations: 11, f_x: 0.910177, alpha: 0.375 },
{ lagrangianQuery: True, errors: [0.023055, 0.253734, 0.903582] },
{ lineSearch: 0, alpha: 0.375, beta: 1, f_x: 0.910177, f_y: 0.780755, wolfe: 1, accept: True },
{ newton: 8, evaluations: 12, f_x: 0.780755, alpha: 0.5625 },
{ lagrangianQuery: True, errors: [0.0313276, 0.112151, 0.443371] },
{ lineSearch: 0, alpha: 0.5625, beta: 1, f_x: 0.780755, f_y: 0.197229, wolfe: 1, accept: True },
{ newton: 9, evaluations: 13, f_x: 0.197229, alpha: 0.84375 },
{ lagrangianQuery: True, errors: [0.0319142, 0.0178304, 0.164268] },
{ lineSearch: 0, alpha: 0.84375, beta: 1, f_x: 0.197229, f_y: 0.0385227, wolfe: 1, accept: True },
{ newton: 10, evaluations: 14, f_x: 0.0385227, alpha: 1.26562 },
{ lagrangianQuery: True, errors: [0.191746, 0.00341866, 1.48076] },
{ lineSearch: 0, alpha: 1, beta: 1, f_x: 0.0385227, f_y: 1.97654, wolfe: 0, accept: False },
{ lagrangianQuery: True, errors: [0.0388378, 0.0106245, 0.643143] },
{ lineSearch: 1, alpha: 0.5, beta: 1, f_x: 0.0385227, f_y: 0.350168, wolfe: 0, accept: False },
{ lagrangianQuery: True, errors: [0.0241112, 0.0142275, 0.256307] },
{ lineSearch: 2, alpha: 0.25, beta: 1, f_x: 0.0385227, f_y: 0.0562883, wolfe: 0, accept: False },
{ lagrangianQuery: True, errors: [0.0278041, 0.0160289, 0.163472] },
{ lineSearch: 3, alpha: 0.125, beta: 1, f_x: 0.0385227, f_y: 0.0353229, wolfe: 1, accept: True },
{ newton: 11, evaluations: 18, f_x: 0.0353229, alpha: 0.1875 },
{ lagrangianQuery: True, errors: [0.0269443, 0.0131382, 0.155969] },
{ lineSearch: 0, alpha: 0.1875, beta: 1, f_x: 0.0353229, f_y: 0.0338486, wolfe: 1, accept: True },
{ newton: 12, evaluations: 19, f_x: 0.0338486, alpha: 0.28125 },
{ lagrangianQuery: True, errors: [0.0260076, 0.00939955, 0.141326] },
{ lineSearch: 0, alpha: 0.28125, beta: 1, f_x: 0.0338486, f_y: 0.0316437, wolfe: 1, accept: True },
{ newton: 13, evaluations: 20, f_x: 0.0316437, alpha: 0.421875 },
{ lagrangianQuery: True, errors: [0.0248385, 0.00536607, 0.13289] },
{ lineSearch: 0, alpha: 0.421875, beta: 1, f_x: 0.0316437, f_y: 0.0299991, wolfe: 1, accept: True },
{ newton: 14, evaluations: 21, f_x: 0.0299991, alpha: 0.632812 },
{ lagrangianQuery: True, errors: [0.0532139, 0.00368442, 0.629358] },
{ lineSearch: 0, alpha: 0.632812, beta: 1, f_x: 0.0299991, f_y: 0.341784, wolfe: 0, accept: False },
{ lagrangianQuery: True, errors: [0.0201485, 0.00452524, 0.327564] },
{ lineSearch: 1, alpha: 0.316406, beta: 1, f_x: 0.0299991, f_y: 0.0811604, wolfe: 0, accept: False },
{ lagrangianQuery: True, errors: [0.0224879, 0.00494565, 0.187726] },
{ lineSearch: 2, alpha: 0.158203, beta: 1, f_x: 0.0299991, f_y: 0.0358878, wolfe: 0, accept: False },
{ lagrangianQuery: True, errors: [0.0236632, 0.00515586, 0.156818] },
{ lineSearch: 3, alpha: 0.0791016, beta: 1, f_x: 0.0299991, f_y: 0.0315984, wolfe: 0, accept: False },
{ lagrangianQuery: True, errors: [0.024251, 0.00526096, 0.141894] },
{ lineSearch: 4, alpha: 0.0395508, beta: 1, f_x: 0.0299991, f_y: 0.0303095, wolfe: 0, accept: False },
{ lagrangianQuery: True, errors: [0.0245448, 0.00531351, 0.134915] },
{ lineSearch: 5, alpha: 0.0197754, beta: 1, f_x: 0.0299991, f_y: 0.0298993, wolfe: 1, accept: True },
{ newton: 15, evaluations: 27, f_x: 0.0298993, alpha: 0.0296631 },
{ lagrangianQuery: True, errors: [0.0245448, 0.00531351, 0.134915] },
{ optConstraint: 1, mu: 5, nu: 5, L_x_beforeUpdate: 0.0298993, L_x_afterUpdate: 0.062026, errors: [0.0245448, 0.00531351, 0.134915], lambda: [-1.44837e-07, 0.00257256, 0, 0, 0, 0, 0, 0, 0, 0, 0, 0, 0, 0, 0, 0, 0, 0, 0, 0, 0, 0, 0, 0, 0, 0, 0, 0, 0, 0, 0, 0, 0, 0, 0, 0, 0, 0, 0, 0, 0, 0, 0, 0, 0, 0, 0, 0, 0, 0, 0, 0, 0.000427504, 0.00185379, -0.0109847, 3.35429e-05, -0.011561, 0.000424546, 0.0031308, 0, 1.25694e-07, 0, 0, 0, 0, 0, 0, 0, 0, 0, 0, 0, 0, 0, 0, 0, 0, 0, 0, 0, 0, 0, 0, 0, 0, 0, 0, 0, 0, 0, 0, 0, 0, 0, 0, 0, 0, 0, 0, 0, 0, 0, 0, 0, 0, 0, 0, 0, 0, 0, 0, -0.000410919, -0.112083, 0.00354311, 0.011456, -0.0111196, 0.0085346, 0.00126867, 0, 0.0069381, 0, 0.00368892, -0.0904259, -6.93889e-15, 0] },
{ lagrangianQuery: True, errors: [0.0246692, 0.00513081, 0.132142] },
{ lineSearch: 0, alpha: 0.0296631, beta: 1, f_x: 0.062026, f_y: 0.0609312, wolfe: 1, accept: True },
{ newton: 16, evaluations: 28, f_x: 0.0609312, alpha: 0.0444946 },
{ lagrangianQuery: True, errors: [0.0249103, 0.00485338, 0.126672] },
{ lineSearch: 0, alpha: 0.0444946, beta: 1, f_x: 0.0609312, f_y: 0.0586781, wolfe: 1, accept: True },
{ newton: 17, evaluations: 29, f_x: 0.0586781, alpha: 0.0667419 },
{ lagrangianQuery: True, errors: [0.0252601, 0.00445582, 0.118994] },
{ lineSearch: 0, alpha: 0.0667419, beta: 1, f_x: 0.0586781, f_y: 0.055683, wolfe: 1, accept: True },
{ newton: 18, evaluations: 30, f_x: 0.055683, alpha: 0.100113 },
{ lagrangianQuery: True, errors: [0.0256871, 0.00391702, 0.110161] },
{ lineSearch: 0, alpha: 0.100113, beta: 1, f_x: 0.055683, f_y: 0.0525976, wolfe: 1, accept: True },
{ newton: 19, evaluations: 31, f_x: 0.0525976, alpha: 0.150169 },
{ lagrangianQuery: True, errors: [0.026369, 0.00316364, 0.094883] },
{ lineSearch: 0, alpha: 0.150169, beta: 1, f_x: 0.0525976, f_y: 0.0474454, wolfe: 1, accept: True },
{ newton: 20, evaluations: 32, f_x: 0.0474454, alpha: 0.225254 },
{ lagrangianQuery: True, errors: [0.026369, 0.00316364, 0.094883] },
{ optConstraint: 2, mu: 25, nu: 25, L_x_beforeUpdate: 0.0474454, L_x_afterUpdate: 0.128335, errors: [0.026369, 0.00316364, 0.094883], lambda: [-5.75749e-07, 0.010609, 0, 0, 0, 0, 0, 0, 0, 0, 0, 0, 0, 0, 0, 0, 0, 0, 0, 0, 0, 0, 0, 0, 0, 0, 0, 0, 0, 0, 0, 0, 0, 0, 0, 0, 0, 0, 0, 0, 0, 0, 0, 0, 0, 0, 0, 0, 0, 0, 0, 0, 0.00190468, 0.00726278, -0.0460661, 0.000211711, -0.0490492, 0.00175285, 0.0127811, 0, 4.99654e-07, 0, 0, 0, 0, 0, 0, 0, 0, 0, 0, 0, 0, 0, 0, 0, 0, 0, 0, 0, 0, 0, 0, 0, 0, 0, 0, 0, 0, 0, 0, 0, 0, 0, 0, 0, 0, 0, 0, 0, 0, 0, 0, 0, 0, 0, 0, 0, 0, 0, 0, -0.00176202, -0.520136, 0.0193412, 0.0510207, -0.0505678, 0.0388805, 0.00800202, 0, 0.0276271, 0, 0.0146363, -0.399312, -4.16334e-14, 0] },
{ lagrangianQuery: True, errors: [0.0278824, 0.00225893, 0.0702663] },
{ lineSearch: 0, alpha: 0.225254, beta: 1, f_x: 0.128335, f_y: 0.090472, wolfe: 1, accept: True },
{ newton: 21, evaluations: 33, f_x: 0.090472, alpha: 0.337881 },
{ lagrangianQuery: True, errors: [0.0279749, 0.0012318, 0.100727] },
{ lineSearch: 0, alpha: 0.337881, beta: 1, f_x: 0.090472, f_y: 0.202219, wolfe: 0, accept: False },
{ lagrangianQuery: True, errors: [0.0280399, 0.00174537, 0.0729375] },
{ lineSearch: 1, alpha: 0.168941, beta: 1, f_x: 0.090472, f_y: 0.101399, wolfe: 0, accept: False },
{ lagrangianQuery: True, errors: [0.0279892, 0.00200215, 0.0704233] },
{ lineSearch: 2, alpha: 0.0844703, beta: 1, f_x: 0.090472, f_y: 0.0925895, wolfe: 0, accept: False },
{ lagrangianQuery: True, errors: [0.0279428, 0.00213054, 0.0697843] },
{ lineSearch: 3, alpha: 0.0422351, beta: 1, f_x: 0.090472, f_y: 0.0903967, wolfe: 1, accept: True },
{ newton: 22, evaluations: 37, f_x: 0.0903967, alpha: 0.0633527 },
{ lagrangianQuery: True, errors: [0.0282384, 0.00194163, 0.0643172] },
{ lineSearch: 0, alpha: 0.0633527, beta: 1, f_x: 0.0903967, f_y: 0.0831422, wolfe: 1, accept: True },
{ newton: 23, evaluations: 38, f_x: 0.0831422, alpha: 0.0950291 },
{ lagrangianQuery: True, errors: [0.0286474, 0.00167625, 0.0566271] },
{ lineSearch: 0, alpha: 0.0950291, beta: 1, f_x: 0.0831422, f_y: 0.0736867, wolfe: 1, accept: True },
{ newton: 24, evaluations: 39, f_x: 0.0736867, alpha: 0.142544 },
{ lagrangianQuery: True, errors: [0.0291825, 0.00131608, 0.0463339] },
{ lineSearch: 0, alpha: 0.142544, beta: 1, f_x: 0.0736867, f_y: 0.0624255, wolfe: 1, accept: True },
{ newton: 25, evaluations: 40, f_x: 0.0624255, alpha: 0.213815 },
{ lagrangianQuery: True, errors: [0.0291825, 0.00131608, 0.0463339] },
{ optConstraint: 3, mu: 125, nu: 125, L_x_beforeUpdate: 0.0624255, L_x_afterUpdate: 0.160069, errors: [0.0291825, 0.00131608, 0.0463339], lambda: [-1.47304e-06, 0.0313187, 0, 0, 0, 0, 0, 0, 0, 0, 0, 0, 0, 0, 0, 0, 0, 0, 0, 0, 0, 0, 0, 0, 0, 0, 0, 0, 0, 0, 0, 0, 0, 0, 0, 0, 0, 0, 0, 0, 0, 0, 0, 0, 0, 0, 0, 0, 0, 0, 0, 0, 0.00732659, 0.0174614, -0.121778, 0.00113244, -0.131967, 0.00536179, 0.0397287, 0, 1.27835e-06, 0, 0, 0, 0, 0, 0, 0, 0, 0, 0, 0, 0, 0, 0, 0, 0, 0, 0, 0, 0, 0, 0, 0, 0, 0, 0, 0, 0, 0, 0, 0, 0, 0, 0, 0, 0, 0, 0, 0, 0, 0, 0, 0, 0, 0, 0, 0, 0, 0, 0, -0.00333831, -1.49386, 0.0602454, 0.142798, -0.142632, 0.115427, 0.0227125, 0, 0.0706967, 0, 0.0373707, -1.19826, -7.70217e-13, 0] },
{ lagrangianQuery: True, errors: [0.0295167, 0.000943528, 0.0401204] },
{ lineSearch: 0, alpha: 0.213815, beta: 1, f_x: 0.160069, f_y: 0.140102, wolfe: 1, accept: True },
{ newton: 26, evaluations: 41, f_x: 0.140102, alpha: 0.320723 },
{ lagrangianQuery: True, errors: [0.0301065, 0.000502048, 0.0233174] },
{ lineSearch: 0, alpha: 0.320723, beta: 1, f_x: 0.140102, f_y: 0.0772824, wolfe: 1, accept: True },
{ newton: 27, evaluations: 42, f_x: 0.0772824, alpha: 0.481085 },
{ lagrangianQuery: True, errors: [0.0302414, 5.23605e-05, 0.00732681] },
{ lineSearch: 0, alpha: 0.481085, beta: 1, f_x: 0.0772824, f_y: 0.037951, wolfe: 1, accept: True },
{ newton: 28, evaluations: 43, f_x: 0.037951, alpha: 0.721627 },
{ lagrangianQuery: True, errors: [0.0292357, 0, 0.00988004] },
{ lineSearch: 0, alpha: 0.721627, beta: 1, f_x: 0.037951, f_y: 0.0247457, wolfe: 1, accept: True },
{ newton: 29, evaluations: 44, f_x: 0.0247457, alpha: 1.08244 },
{ lagrangianQuery: True, errors: [0.0869678, 0, 0.195953] },
{ lineSearch: 0, alpha: 1, beta: 1, f_x: 0.0247457, f_y: 2.91969, wolfe: 0, accept: False },
{ lagrangianQuery: True, errors: [0.0316183, 0, 0.0856753] },
{ lineSearch: 1, alpha: 0.5, beta: 1, f_x: 0.0247457, f_y: 0.71258, wolfe: 0, accept: False },
{ lagrangianQuery: True, errors: [0.0276267, 0, 0.0413707] },
{ lineSearch: 2, alpha: 0.25, beta: 1, f_x: 0.0247457, f_y: 0.198624, wolfe: 0, accept: False },
{ lagrangianQuery: True, errors: [0.0282083, 0, 0.0233049] },
{ lineSearch: 3, alpha: 0.125, beta: 1, f_x: 0.0247457, f_y: 0.0711084, wolfe: 0, accept: False },
{ lagrangianQuery: True, errors: [0.0287278, 0, 0.0145326] },
{ lineSearch: 4, alpha: 0.0625, beta: 1, f_x: 0.0247457, f_y: 0.0369568, wolfe: 0, accept: False },
{ lagrangianQuery: True, errors: [0.0289853, 0, 0.010401] },
{ lineSearch: 5, alpha: 0.03125, beta: 1, f_x: 0.0247457, f_y: 0.0281046, wolfe: 0, accept: False },
{ newton: 30, evaluations: 50, f_x: 0.0247457, alpha: 0.015625 },
{ lagrangianQuery: True, errors: [0.0291114, 0, 0.0089781] },
{ lineSearch: 0, alpha: 0.015625, beta: 1, f_x: 0.0247457, f_y: 0.0254684, wolfe: 0, accept: False },
{ newton: 31, evaluations: 51, f_x: 0.0247457, alpha: 0.0078125 },
{ lagrangianQuery: True, errors: [0.0291737, 0, 0.00966003] },
{ lineSearch: 0, alpha: 0.0078125, beta: 1, f_x: 0.0247457, f_y: 0.0248562, wolfe: 0, accept: False },
{ newton: 32, evaluations: 52, f_x: 0.0247457, alpha: 0.00390625 },
{ lagrangianQuery: True, errors: [0.0292048, 0, 0.00982779] },
{ lineSearch: 0, alpha: 0.00390625, beta: 1, f_x: 0.0247457, f_y: 0.0247463, wolfe: 0, accept: False },
{ newton: 33, evaluations: 53, f_x: 0.0247457, alpha: 0.00195312 },
{ lagrangianQuery: True, errors: [0.0292202, 0, 0.00986835] },
{ lineSearch: 0, alpha: 0.00195312, beta: 1, f_x: 0.0247457, f_y: 0.0247328, wolfe: 1, accept: True },
{ newton: 34, evaluations: 54, f_x: 0.0247328, alpha: 0.00292969 },
{ lagrangianQuery: True, errors: [0.0292202, 0, 0.00986835] },
{ optConstraint: 4, mu: 625, nu: 625, L_x_beforeUpdate: 0.0247328, L_x_afterUpdate: 0.0359135, errors: [0.0292202, 0, 0.00986835], lambda: [-4.59053e-07, 0.138915, 0, 0, 0, 0, 0, 0, 0, 0, 0, 0, 0, 0, 0, 0, 0, 0, 0, 0, 0, 0, 0, 0, 0, 0, 0, 0, 0, 0, 0, 0, 0, 0, 0, 0, 0, 0, 0, 0, 0, 0, 0, 0, 0, 0, 0, 0, 0, 0, 0, 0, 0.00473422, 0.124631, -0.00581362, 0.0057621, -0.0399697, -0.0034404, 0.26747, 0, 3.98381e-07, 0, 0, 0, 0, 0, 0, 0, 0, 0, 0, 0, 0, 0, 0, 0, 0, 0, 0, 0, 0, 0, 0, 0, 0, 0, 0, 0, 0, 0, 0, 0, 0, 0, 0, 0, 0, 0, 0, 0, 0, 0, 0, 0, 0, 0, 0, 0, 0, 0, 0, 0.077034, -0.684269, -0.10355, 0.103924, -0.0195874, 0.252749, -0.140497, 0, 0.0220568, 0, 0.0116115, -0.913879, -4.41314e-12, 0] },
{ lagrangianQuery: True, errors: [0.0291968, 0, 0.00981483] },
{ lineSearch: 0, alpha: 0.00292969, beta: 1, f_x: 0.0359135, f_y: 0.0358333, wolfe: 1, accept: True },
{ newton: 35, evaluations: 55, f_x: 0.0358333, alpha: 0.00439453 },
{ lagrangianQuery: True, errors: [0.0291672, 0, 0.00973115] },
{ lineSearch: 0, alpha: 0.00439453, beta: 1, f_x: 0.0358333, f_y: 0.035719, wolfe: 1, accept: True },
{ newton: 36, evaluations: 56, f_x: 0.035719, alpha: 0.0065918 },
{ lagrangianQuery: True, errors: [0.0291313, 0, 0.00961416] },
{ lineSearch: 0, alpha: 0.0065918, beta: 1, f_x: 0.035719, f_y: 0.0355645, wolfe: 1, accept: True },
{ newton: 37, evaluations: 57, f_x: 0.0355645, alpha: 0.0098877 },
{ lagrangianQuery: True, errors: [0.029088, 0, 0.00947491] },
{ lineSearch: 0, alpha: 0.0098877, beta: 1, f_x: 0.0355645, f_y: 0.0353625, wolfe: 1, accept: True },
{ newton: 38, evaluations: 58, f_x: 0.0353625, alpha: 0.0148315 },
{ lagrangianQuery: True, errors: [0.0290309, 0, 0.00932133] },
{ lineSearch: 0, alpha: 0.0148315, beta: 1, f_x: 0.0353625, f_y: 0.0350906, wolfe: 1, accept: True },
{ newton: 39, evaluations: 59, f_x: 0.0350906, alpha: 0.0222473 },

] #end of KOMO_run_log
