SKELETON:
  initial (pr2R) from 0 to 3
  initial (pr2L) from 0 to 3
  initial (red) from 0 to 3
  initial (green) from 0 to 3
  initial (blue) from 0 to 3
  initial (table1) from 0 to 3
  initial (table2) from 0 to 3
  touch (pr2R red) from 1 to 3
  stable (pr2R red) from 1 to 3
  touch (pr2L green) from 2 to 2
  stable (pr2L green) from 2 to 2
  above (green blue) from 3 to 3
  stableOn (blue green) from 3 to 3
  touch (pr2L green) from 3 to 3
  touch (green blue) from 3 to 3
SWITCHES:
  START  -->  stable (pr2R red) from 1 to 3
  START  -->  stable (pr2L green) from 2 to 2
  stable (pr2L green) from 2 to 2  -->  stableOn (blue green) from 3 to 3
KOMO Problem:
  x-dim:74  dual-dim:0
  T:2 k:1 phases:2 stepsPerPhase:1 tau:10
  #configurations:3 q-dims: (0..0)32 (1..1)39 (2..2)35
    times:[10, 20]
  usingSwift:1
    TASK 'QuaternionNorms' ([1, 1])  type:eq  order:0  target:[]  scale:[3]
    TASK 'qItself#46' ([1, 1])  type:sos  order:1  target:[]  scale:[0.316228, 0.316228, 0.316228, 94.8683, 0.00316228, 0.0316228, 0.0316228, 0.0316228, 0.00316228, 0.0316228, 0.0316228, 0.0316228, 0.0316228, 0.0316228, 0.0316228, 0.0316228, 0.0316228, 0.0316228, 0.0316228, 0.0316228, 0.0316228, 0.0316228, 0.0316228, 0.0316228, 0.0316228]
    TASK 'qItself#46' ([1, 1])  type:sos  order:0  target:[]  scale:[0.0316228]
    TASK 'qZeroVel-red' ()  type:eq  order:1  target:[]  scale:[10]
    TASK 'TM_NoJumpToParent-1-red' ()  type:eq  order:1  target:[]  scale:[100]
    TASK 'TM_NoJumpToParent-1-green' ([1])  type:eq  order:1  target:[]  scale:[100]
    TASK 'TM_NoJumpToParent-1-green' ([0, 1])  type:eq  order:1  target:[]  scale:[100]
    TASK 'AboveBox:green:blue' ([0, 1])  type:ineq  order:0  target:[]  scale:[10]
    TASK 'PairCollision-pr2L-green' ([0, 1])  type:eq  order:0  target:[]  scale:[100]
    TASK 'PairCollision-green-blue' ([0, 1])  type:eq  order:0  target:[]  scale:[100]
    TASK 'ProxyCost' ([1, 1])  type:sos  order:0  target:[]  scale:[10]
    SWITCH  timeOfApplication=-1  symbol=joint  jointType=free  fromId=105  toId=164
    SWITCH  timeOfApplication=0  symbol=joint  jointType=free  fromId=106  toId=165
    SWITCH  timeOfApplication=1  symbol=joint  jointType=transXYPhi  fromId=166  toId=165
{KOMO_specs:{ x_dim:74, T:2, k_order:1, tau:10, useSwift, X:[
0, 0, 0, 1, 0, 0, 0,
 0, 0, 0, 1, 0, 0, 0,
 -0.0500001, 0, 0.890675, 0.707107, 0, -0.707107, 0,
 -0.0670703, 0, 1.27213, 0.707107, 0, -0.707107, 0,
 0.0489299, 0, 1.11768, -0.707107, 0, 0, -0.707107,
 -0.0500001, -0.188, 0.890675, 0.620545, -0.339005, -0.620545, -0.339005,
 -0.0500001, 0.188, 0.890675, 0.620545, 0.339005, -0.620545, 0.339005,
 0.000929734, 0, 1.27213, -0.693012, -0.14048, -0.14048, -0.693012,
 0.0040302, -0.272147, 0.890675, -0.92972, -0.237396, -0.069654, -0.272787,
 0.0040302, 0.272147, 0.890675, -0.272787, -0.069654, -0.237396, -0.92972,
 0.0040302, -0.272147, 0.890675, 0.803075, -0.303564, 0.413242, -0.303564,
 0.0040302, 0.272147, 0.890675, 0.803075, 0.303564, 0.413242, 0.303564,
 0.193694, -0.567532, 0.698905, 0.488053, -0.616559, -0.0233568, 0.617346,
 0.193694, 0.567532, 0.698905, 0.617346, -0.0233568, -0.616559, 0.488053,
 0.193694, -0.567532, 0.698905, -0.285995, 0.839705, 0.393399, 0.24154,
 0.193694, 0.567532, 0.698905, -0.285995, -0.839705, 0.393399, -0.24154,
 0.377881, -0.399803, 0.901348, -0.145707, 0.937118, -0.297998, -0.108535,
 0.377881, 0.399803, 0.901348, -0.108535, -0.297998, 0.937118, -0.145707,
 0.39889, -0.372037, 0.908767, -0.0418855, -0.890686, -0.431374, -0.137276,
 0.39889, 0.372037, 0.908767, -0.0418855, 0.890686, -0.431374, 0.137276,
 0.451847, -0.318295, 0.926726, -0.297898, -0.742696, -0.24844, 0.54584,
 0.436708, -0.305809, 0.922865, 0.301692, -0.518311, -0.370556, -0.709245,
 0.436708, 0.305809, 0.922865, -0.370556, 0.709245, -0.301692, -0.518311,
 0.451847, 0.318295, 0.926726, 0.24844, 0.54584, -0.297898, 0.742696,
 0.515841, -0.256544, 0.948282, -0.27541, 0.532741, 0.334645, 0.726879,
 0.479436, -0.226517, 0.938997, 0.334645, 0.726879, 0.27541, -0.532741,
 0.479436, 0.226517, 0.938997, -0.27541, -0.532741, 0.334645, -0.726879,
 0.515841, 0.256544, 0.948281, 0.334645, -0.726879, 0.27541, 0.532741,
 0.487006, -0.23276, 0.940927, 0.0674513, -0.934838, 0.324783, -0.126686,
 0.508271, 0.2503, 0.946351, -0.126686, 0.324783, -0.934838, 0.0674513,
 -0.0282159, 0.00517696, 0.272424, 1, 0, 0, 0,
 0, 0, 0, 1, 0, 0, 0,
 -0.29, 0, 0.851, 1, 0, 0, 0,
 0.21838, 0.225407, 0.180919, 1, 0, 0, 0,
 0.224225, 0.270791, 0.0789213, 1, 0, 0, 0,
 0.224225, 0.172791, 0.0789213, 1, 0, 0, 0,
 0.21838, -0.223793, 0.180919, 1, 0, 0, 0,
 0.224225, -0.178409, 0.0789213, 1, 0, 0, 0,
 0.224225, -0.276409, 0.0789213, 1, 0, 0, 0,
 -0.23082, 0.225407, 0.180919, 1, 0, 0, 0,
 -0.224975, 0.270791, 0.0789213, 1, 0, 0, 0,
 -0.224975, 0.172791, 0.0789213, 1, 0, 0, 0,
 -0.23082, -0.223793, 0.180919, 1, 0, 0, 0,
 -0.224975, -0.178409, 0.0789213, 1, 0, 0, 0,
 -0.224975, -0.276409, 0.0789213, 1, 0, 0, 0,
 -0.116563, -0.00108579, 1.01135, -1, 0, 0, -0,
 -0.026643, 0.000777182, 1.26448, -1, 0, 0, -0,
 0.03954, 0.00096181, 1.36052, 0.980067, 0, 0.198669, 0,
 0.0474159, 1.43584e-08, 1.3225, 0.980067, 0, 0.198669, 0,
 0.0474159, 1.43584e-08, 1.3225, 0.980067, 0, 0.198669, 0,
 0.0479407, 8.16945e-09, 1.34942, 0.980067, 0, 0.198669, 0,
 -0.0538428, 0.00394506, 1.57636, 0.980067, 0, 0.198669, 0,
 -0.0208361, 0.0124999, 1.5983, 0.980067, 0, 0.198669, 0,
 -0.0208361, -0.0175001, 1.5983, 0.980067, 0, 0.198669, 0,
 -0.0524158, 0.0124999, 1.56005, 0.980067, 0, 0.198669, 0,
 0.0472586, -0.00300578, 1.12989, 1, 0, -0, 0,
 -0.0448562, -0.191235, 0.722545, -0.877583, 0, 0, 0.479426,
 0.033844, -0.320941, 0.877835, 0.850301, 0.118612, 0.217118, -0.464522,
 0.061539, -0.361528, 0.832555, 0.803075, -0.303564, 0.413242, -0.303564,
 0.144326, -0.497476, 0.743806, 0.803075, -0.303564, 0.413242, -0.303564,
 0.244854, -0.51539, 0.746781, -0.285995, 0.839705, 0.393399, 0.24154,
 0.210596, -0.556788, 0.714328, -0.781635, 0.419457, 0.452489, -0.0914241,
 0.318984, -0.452781, 0.833042, -0.285995, 0.839705, 0.393399, 0.24154,
 0.376423, -0.402433, 0.902914, 0.179776, -0.873359, -0.451926, -0.0262847,
 0.417531, -0.34752, 0.916464, -0.0418855, -0.890686, -0.431374, -0.137276,
 0.451216, -0.303233, 0.927257, -0.0418855, -0.890686, -0.431374, -0.137276,
 0.39889, -0.372037, 0.908767, -0.0418855, -0.890686, -0.431374, -0.137276,
 0.493236, -0.291834, 0.940276, 0.0349722, 0.911133, 0.386319, 0.139198,
 0.45184, -0.257573, 0.929275, -0.868013, 0.0486941, 0.135011, -0.475351,
 0.521172, -0.250676, 0.950242, -0.0418855, -0.890686, -0.431374, -0.137276,
 0.483703, -0.219702, 0.940425, 0.890686, -0.0418855, -0.137276, 0.431374,
 -0.0491989, 0.194023, 0.722545, -0.877583, 0, 0, -0.479426,
 0.0359917, 0.319562, 0.877835, 0.850301, -0.118612, 0.217118, 0.464522,
 0.0614936, 0.361649, 0.832696, 0.803075, 0.303564, 0.413242, 0.303564,
 0.144615, 0.496706, 0.742906, 0.803075, 0.303564, 0.413242, 0.303564,
 0.245654, 0.515918, 0.746491, -0.285995, -0.839705, 0.393399, -0.24154,
 0.210883, 0.556023, 0.713434, -0.781635, -0.419457, 0.452489, 0.0914241,
 0.317879, 0.452053, 0.833444, -0.285995, -0.839705, 0.393399, -0.24154,
 0.376795, 0.402679, 0.902779, 0.179776, 0.873359, -0.451926, 0.0262847,
 0.417092, 0.347158, 0.916352, -0.0418855, 0.890686, -0.431374, 0.137276,
 0.450881, 0.302957, 0.927172, -0.0418855, 0.890686, -0.431374, 0.137276,
 0.39889, 0.372037, 0.908767, -0.0418855, 0.890686, -0.431374, 0.137276,
 0.45172, 0.257591, 0.929687, 0.0486941, -0.868013, 0.475351, -0.135011,
 0.493356, 0.291815, 0.939863, 0.911133, 0.0349722, -0.139198, -0.386319,
 0.483632, 0.219713, 0.940668, -0.0418855, 0.890686, -0.431374, 0.137276,
 0.521242, 0.250665, 0.949999, -0.890686, -0.0418855, 0.137276, 0.431374,
 0, 0, 0.18, 1, 0, 0, 0,
 -0.13, 0, 0.55, 1, 0, 0, 0,
 0.108979, -0.435596, 0.78456, 0.803075, -0.303564, 0.413242, -0.303564,
 0.31419, -0.457802, 0.831344, -0.29955, 0.830764, 0.383179, 0.270698,
 0.469707, -0.278444, 0.933776, -0.0418855, -0.890686, -0.431374, -0.137276,
 0.108979, 0.435596, 0.78456, 0.803075, 0.303564, 0.413242, 0.303564,
 0.31419, 0.457802, 0.831344, -0.29955, -0.830764, 0.383179, -0.270698,
 0.469707, 0.278444, 0.933776, -0.0418855, 0.890686, -0.431374, 0.137276,
 0.508271, 0.2503, 0.946351, 0.0418855, -0.890686, 0.431374, -0.137276,
 0.487006, -0.23276, 0.940927, 0.0418855, 0.890686, 0.431374, 0.137276,
 0.404791, -0.364237, 0.910851, -0.579725, -0.753368, 0.191417, 0.244376,
 0.404791, 0.364237, 0.910851, 0.031525, 0.437371, -0.64258, -0.628336,
 0, 0, 0, 1, 0, 0, 0,
 0.15, 0, 0.890675, 1, 0, -1.11022e-16, 0,
 0.121345, 4.95118e-08, 1.3515, -0.589368, -0.390699, 0.390699, 0.589368,
 0.55, 0, 0.790675, 0.707107, 5.55112e-17, -5.55112e-17, -0.707107,
 0.093713, 3.09449e-08, 1.36318, 0.390699, -0.589368, 0.589368, -0.390699,
 -0.0208361, -0.0175001, 1.5983, 0.589368, 0.390699, -0.390699, -0.589368,
 0.0472586, -0.00300578, 1.12989, 0.5, -0.5, 0.5, -0.5,
 0.505116, -0.231648, 0.94628, 0.140075, -0.319237, -0.708725, 0.613335,
 0.505116, 0.231648, 0.94628, -0.613335, 0.708725, 0.319237, -0.140075,
 0, 0, 0, 1, 0, 0, 0,
 -0.0500001, 0, 0.890675, 0.707107, 0, -0.707107, 0,
 -0.05, 0, 0.790675, 0.707107, 0, -0.707107, 0,
 -0.0670703, 0, 1.27213, 0.707107, 0, -0.707107, 0,
 -0.0670703, 0, 1.27213, 0.707107, 0, -0.707107, 0,
 0.0489299, 0, 1.11768, -0.707107, 0, 0, -0.707107,
 0.0489299, 0, 1.11768, -0.707107, 0, 0, -0.707107,
 -0.0500001, -0.188, 0.890675, 0.620545, -0.339005, -0.620545, -0.339005,
 -0.0500001, -0.188, 0.890675, 0.707107, 0, -0.707107, 0,
 -0.0500001, 0.188, 0.890675, 0.620545, 0.339005, -0.620545, 0.339005,
 -0.0500001, 0.188, 0.890675, 0.707107, 0, -0.707107, 0,
 0.000929734, 0, 1.27213, -0.693012, -0.14048, -0.14048, -0.693012,
 0.000929734, 0, 1.27213, -0.707107, 0, 0, -0.707107,
 0.0040302, -0.272147, 0.890675, -0.92972, -0.237396, -0.069654, -0.272787,
 0.0040302, -0.272147, 0.890675, -0.95955, 0, 2.77556e-17, -0.28154,
 0.0040302, 0.272147, 0.890675, -0.272787, -0.069654, -0.237396, -0.92972,
 0.0040302, 0.272147, 0.890675, -0.28154, -5.55112e-17, 0, -0.95955,
 0.0040302, -0.272147, 0.890675, 0.803075, -0.303564, 0.413242, -0.303564,
 0.0040302, -0.272147, 0.890675, 0.850301, 0.118612, 0.217118, -0.464522,
 0.0040302, 0.272147, 0.890675, 0.803075, 0.303564, 0.413242, 0.303564,
 0.0040302, 0.272147, 0.890675, 0.850301, -0.118612, 0.217118, 0.464522,
 0.193694, -0.567532, 0.698905, 0.488053, -0.616559, -0.0233568, 0.617346,
 0.193694, -0.567532, 0.698905, 0.782512, 0.0775539, 0.506859, 0.353207,
 0.193694, 0.567532, 0.698905, 0.617346, -0.0233568, -0.616559, 0.488053,
 0.193694, 0.567532, 0.698905, 0.353207, 0.506859, 0.0775539, 0.782512,
 0.193694, -0.567532, 0.698905, -0.285995, 0.839705, 0.393399, 0.24154,
 0.193694, -0.567532, 0.698905, -0.781635, 0.419457, 0.452489, -0.0914241,
 0.193694, 0.567532, 0.698905, -0.285995, -0.839705, 0.393399, -0.24154,
 0.193694, 0.567532, 0.698905, -0.781635, -0.419457, 0.452489, 0.0914241,
 0.377881, -0.399803, 0.901348, -0.145707, 0.937118, -0.297998, -0.108535,
 0.377881, -0.399803, 0.901348, -0.373024, 0.871937, -0.315586, -0.0314346,
 0.377881, 0.399803, 0.901348, -0.108535, -0.297998, 0.937118, -0.145707,
 0.377881, 0.399803, 0.901348, -0.0314346, -0.315586, 0.871937, -0.373024,
 0.377881, -0.399803, 0.901348, -0.0418855, -0.890686, -0.431374, -0.137276,
 0.377881, -0.399803, 0.901348, 0.179776, -0.873359, -0.451926, -0.0262847,
 0.377881, 0.399803, 0.901348, -0.0418855, 0.890686, -0.431374, 0.137276,
 0.377881, 0.399803, 0.901348, 0.179776, 0.873359, -0.451926, 0.0262847,
 0.451847, -0.318295, 0.926726, -0.297898, -0.742696, -0.24844, 0.54584,
 0.451847, -0.318295, 0.926726, -0.334645, -0.726879, -0.27541, 0.532741,
 0.436708, -0.305809, 0.922865, 0.301692, -0.518311, -0.370556, -0.709245,
 0.436708, -0.305809, 0.922865, 0.27541, -0.532741, -0.334645, -0.726879,
 0.436708, 0.305809, 0.922865, -0.370556, 0.709245, -0.301692, -0.518311,
 0.436708, 0.305809, 0.922865, -0.334645, 0.726879, -0.27541, -0.532741,
 0.451847, 0.318295, 0.926726, 0.24844, 0.54584, -0.297898, 0.742696,
 0.451847, 0.318295, 0.926726, 0.27541, 0.532741, -0.334645, 0.726879,
 0.515841, -0.256544, 0.948282, -0.27541, 0.532741, 0.334645, 0.726879,
 0.515841, -0.256544, 0.948282, -0.24844, 0.54584, 0.297898, 0.742696,
 0.479436, -0.226517, 0.938997, 0.334645, 0.726879, 0.27541, -0.532741,
 0.479436, -0.226517, 0.938997, 0.370556, 0.709245, 0.301692, -0.518311,
 0.479436, 0.226517, 0.938997, -0.27541, -0.532741, 0.334645, -0.726879,
 0.479436, 0.226517, 0.938997, -0.301692, -0.518311, 0.370556, -0.709245,
 0.515841, 0.256544, 0.948281, 0.334645, -0.726879, 0.27541, 0.532741,
 0.515841, 0.256544, 0.948281, 0.297898, -0.742696, 0.24844, 0.54584,
 0.487006, -0.23276, 0.940927, 0.0674513, -0.934838, 0.324783, -0.126686,
 0.479436, -0.226517, 0.938997, 0.0674513, -0.934838, 0.324783, -0.126686,
 0.508271, 0.2503, 0.946351, -0.126686, 0.324783, -0.934838, 0.0674513,
 0.515841, 0.256544, 0.948281, -0.126686, 0.324783, -0.934838, 0.0674513,
 -0.300016, 1.10001, 0.750004, -0.707108, -2.77556e-17, 2.77556e-17, -0.707108,
 -4.28751e-06, 1.15001, 0.749998, -0.707108, -8.32667e-17, 2.77556e-17, -0.707108,
 0.3, 0.85, 0.75, 0.707107, 0, 0, 0.707107,
 0.1, 1.1, 0.6, 0.707107, 0, 0, 0.707107,
 0.8, 0, 0.6, 1, 0, 0, 0,
 -0.300016, 1.10001, 0.750004, -0.707108, -2.77556e-17, 2.77556e-17, -0.707108,
 -4.28751e-06, 1.15001, 0.749998, -0.707108, -8.32667e-17, 2.77556e-17, -0.707108,
 0.3, 0.85, 0.75, 0.707107, 0, 0, 0.707107,
 
0, 0, 0, 1, 0, 0, 0,
 0, 0, 0, 1, 0, 0, 0,
 -0.0500001, 0, 0.890675, 0.707107, 0, -0.707107, 0,
 -0.0670703, 0, 1.27213, 0.707107, 0, -0.707107, 0,
 0.0489299, 0, 1.11768, -0.707107, 0, 0, -0.707107,
 -0.0500001, -0.188, 0.890675, 0.620545, -0.339005, -0.620545, -0.339005,
 -0.0500001, 0.188, 0.890675, 0.620545, 0.339005, -0.620545, 0.339005,
 0.000929734, 0, 1.27213, -0.693012, -0.14048, -0.14048, -0.693012,
 0.0040302, -0.272147, 0.890675, -0.92972, -0.237396, -0.069654, -0.272787,
 0.0040302, 0.272147, 0.890675, -0.272787, -0.069654, -0.237396, -0.92972,
 0.0040302, -0.272147, 0.890675, 0.803075, -0.303564, 0.413242, -0.303564,
 0.0040302, 0.272147, 0.890675, 0.803075, 0.303564, 0.413242, 0.303564,
 0.193694, -0.567532, 0.698905, 0.488053, -0.616559, -0.0233568, 0.617346,
 0.193694, 0.567532, 0.698905, 0.617346, -0.0233568, -0.616559, 0.488053,
 0.193694, -0.567532, 0.698905, -0.285995, 0.839705, 0.393399, 0.24154,
 0.193694, 0.567532, 0.698905, -0.285995, -0.839705, 0.393399, -0.24154,
 0.377881, -0.399803, 0.901348, -0.145707, 0.937118, -0.297998, -0.108535,
 0.377881, 0.399803, 0.901348, -0.108535, -0.297998, 0.937118, -0.145707,
 0.39889, -0.372037, 0.908767, -0.0418855, -0.890686, -0.431374, -0.137276,
 0.39889, 0.372037, 0.908767, -0.0418855, 0.890686, -0.431374, 0.137276,
 0.451847, -0.318295, 0.926726, -0.297898, -0.742696, -0.24844, 0.54584,
 0.436708, -0.305809, 0.922865, 0.301692, -0.518311, -0.370556, -0.709245,
 0.436708, 0.305809, 0.922865, -0.370556, 0.709245, -0.301692, -0.518311,
 0.451847, 0.318295, 0.926726, 0.24844, 0.54584, -0.297898, 0.742696,
 0.515841, -0.256544, 0.948282, -0.27541, 0.532741, 0.334645, 0.726879,
 0.479436, -0.226517, 0.938997, 0.334645, 0.726879, 0.27541, -0.532741,
 0.479436, 0.226517, 0.938997, -0.27541, -0.532741, 0.334645, -0.726879,
 0.515841, 0.256544, 0.948281, 0.334645, -0.726879, 0.27541, 0.532741,
 0.487006, -0.23276, 0.940927, 0.0674513, -0.934838, 0.324783, -0.126686,
 0.508271, 0.2503, 0.946351, -0.126686, 0.324783, -0.934838, 0.0674513,
 -0.0282159, 0.00517696, 0.272424, 1, 0, 0, 0,
 0, 0, 0, 1, 0, 0, 0,
 -0.29, 0, 0.851, 1, 0, 0, 0,
 0.21838, 0.225407, 0.180919, 1, 0, 0, 0,
 0.224225, 0.270791, 0.0789213, 1, 0, 0, 0,
 0.224225, 0.172791, 0.0789213, 1, 0, 0, 0,
 0.21838, -0.223793, 0.180919, 1, 0, 0, 0,
 0.224225, -0.178409, 0.0789213, 1, 0, 0, 0,
 0.224225, -0.276409, 0.0789213, 1, 0, 0, 0,
 -0.23082, 0.225407, 0.180919, 1, 0, 0, 0,
 -0.224975, 0.270791, 0.0789213, 1, 0, 0, 0,
 -0.224975, 0.172791, 0.0789213, 1, 0, 0, 0,
 -0.23082, -0.223793, 0.180919, 1, 0, 0, 0,
 -0.224975, -0.178409, 0.0789213, 1, 0, 0, 0,
 -0.224975, -0.276409, 0.0789213, 1, 0, 0, 0,
 -0.116563, -0.00108579, 1.01135, -1, 0, 0, -0,
 -0.026643, 0.000777182, 1.26448, -1, 0, 0, -0,
 0.03954, 0.00096181, 1.36052, 0.980067, 0, 0.198669, 0,
 0.0474159, 1.43584e-08, 1.3225, 0.980067, 0, 0.198669, 0,
 0.0474159, 1.43584e-08, 1.3225, 0.980067, 0, 0.198669, 0,
 0.0479407, 8.16945e-09, 1.34942, 0.980067, 0, 0.198669, 0,
 -0.0538428, 0.00394506, 1.57636, 0.980067, 0, 0.198669, 0,
 -0.0208361, 0.0124999, 1.5983, 0.980067, 0, 0.198669, 0,
 -0.0208361, -0.0175001, 1.5983, 0.980067, 0, 0.198669, 0,
 -0.0524158, 0.0124999, 1.56005, 0.980067, 0, 0.198669, 0,
 0.0472586, -0.00300578, 1.12989, 1, 0, -0, 0,
 -0.0448562, -0.191235, 0.722545, -0.877583, 0, 0, 0.479426,
 0.033844, -0.320941, 0.877835, 0.850301, 0.118612, 0.217118, -0.464522,
 0.061539, -0.361528, 0.832555, 0.803075, -0.303564, 0.413242, -0.303564,
 0.144326, -0.497476, 0.743806, 0.803075, -0.303564, 0.413242, -0.303564,
 0.244854, -0.51539, 0.746781, -0.285995, 0.839705, 0.393399, 0.24154,
 0.210596, -0.556788, 0.714328, -0.781635, 0.419457, 0.452489, -0.0914241,
 0.318984, -0.452781, 0.833042, -0.285995, 0.839705, 0.393399, 0.24154,
 0.376423, -0.402433, 0.902914, 0.179776, -0.873359, -0.451926, -0.0262847,
 0.417531, -0.34752, 0.916464, -0.0418855, -0.890686, -0.431374, -0.137276,
 0.451216, -0.303233, 0.927257, -0.0418855, -0.890686, -0.431374, -0.137276,
 0.39889, -0.372037, 0.908767, -0.0418855, -0.890686, -0.431374, -0.137276,
 0.493236, -0.291834, 0.940276, 0.0349722, 0.911133, 0.386319, 0.139198,
 0.45184, -0.257573, 0.929275, -0.868013, 0.0486941, 0.135011, -0.475351,
 0.521172, -0.250676, 0.950242, -0.0418855, -0.890686, -0.431374, -0.137276,
 0.483703, -0.219702, 0.940425, 0.890686, -0.0418855, -0.137276, 0.431374,
 -0.0491989, 0.194023, 0.722545, -0.877583, 0, 0, -0.479426,
 0.0359917, 0.319562, 0.877835, 0.850301, -0.118612, 0.217118, 0.464522,
 0.0614936, 0.361649, 0.832696, 0.803075, 0.303564, 0.413242, 0.303564,
 0.144615, 0.496706, 0.742906, 0.803075, 0.303564, 0.413242, 0.303564,
 0.245654, 0.515918, 0.746491, -0.285995, -0.839705, 0.393399, -0.24154,
 0.210883, 0.556023, 0.713434, -0.781635, -0.419457, 0.452489, 0.0914241,
 0.317879, 0.452053, 0.833444, -0.285995, -0.839705, 0.393399, -0.24154,
 0.376795, 0.402679, 0.902779, 0.179776, 0.873359, -0.451926, 0.0262847,
 0.417092, 0.347158, 0.916352, -0.0418855, 0.890686, -0.431374, 0.137276,
 0.450881, 0.302957, 0.927172, -0.0418855, 0.890686, -0.431374, 0.137276,
 0.39889, 0.372037, 0.908767, -0.0418855, 0.890686, -0.431374, 0.137276,
 0.45172, 0.257591, 0.929687, 0.0486941, -0.868013, 0.475351, -0.135011,
 0.493356, 0.291815, 0.939863, 0.911133, 0.0349722, -0.139198, -0.386319,
 0.483632, 0.219713, 0.940668, -0.0418855, 0.890686, -0.431374, 0.137276,
 0.521242, 0.250665, 0.949999, -0.890686, -0.0418855, 0.137276, 0.431374,
 0, 0, 0.18, 1, 0, 0, 0,
 -0.13, 0, 0.55, 1, 0, 0, 0,
 0.108979, -0.435596, 0.78456, 0.803075, -0.303564, 0.413242, -0.303564,
 0.31419, -0.457802, 0.831344, -0.29955, 0.830764, 0.383179, 0.270698,
 0.469707, -0.278444, 0.933776, -0.0418855, -0.890686, -0.431374, -0.137276,
 0.108979, 0.435596, 0.78456, 0.803075, 0.303564, 0.413242, 0.303564,
 0.31419, 0.457802, 0.831344, -0.29955, -0.830764, 0.383179, -0.270698,
 0.469707, 0.278444, 0.933776, -0.0418855, 0.890686, -0.431374, 0.137276,
 0.508271, 0.2503, 0.946351, 0.0418855, -0.890686, 0.431374, -0.137276,
 0.487006, -0.23276, 0.940927, 0.0418855, 0.890686, 0.431374, 0.137276,
 0.404791, -0.364237, 0.910851, -0.579725, -0.753368, 0.191417, 0.244376,
 0.404791, 0.364237, 0.910851, 0.031525, 0.437371, -0.64258, -0.628336,
 0, 0, 0, 1, 0, 0, 0,
 0.15, 0, 0.890675, 1, 0, -1.11022e-16, 0,
 0.121345, 4.95118e-08, 1.3515, -0.589368, -0.390699, 0.390699, 0.589368,
 0.55, 0, 0.790675, 0.707107, 5.55112e-17, -5.55112e-17, -0.707107,
 0.093713, 3.09449e-08, 1.36318, 0.390699, -0.589368, 0.589368, -0.390699,
 -0.0208361, -0.0175001, 1.5983, 0.589368, 0.390699, -0.390699, -0.589368,
 0.0472586, -0.00300578, 1.12989, 0.5, -0.5, 0.5, -0.5,
 0.505116, -0.231648, 0.94628, 0.140075, -0.319237, -0.708725, 0.613335,
 0.505116, 0.231648, 0.94628, -0.613335, 0.708725, 0.319237, -0.140075,
 0, 0, 0, 1, 0, 0, 0,
 -0.0500001, 0, 0.890675, 0.707107, 0, -0.707107, 0,
 -0.05, 0, 0.790675, 0.707107, 0, -0.707107, 0,
 -0.0670703, 0, 1.27213, 0.707107, 0, -0.707107, 0,
 -0.0670703, 0, 1.27213, 0.707107, 0, -0.707107, 0,
 0.0489299, 0, 1.11768, -0.707107, 0, 0, -0.707107,
 0.0489299, 0, 1.11768, -0.707107, 0, 0, -0.707107,
 -0.0500001, -0.188, 0.890675, 0.620545, -0.339005, -0.620545, -0.339005,
 -0.0500001, -0.188, 0.890675, 0.707107, 0, -0.707107, 0,
 -0.0500001, 0.188, 0.890675, 0.620545, 0.339005, -0.620545, 0.339005,
 -0.0500001, 0.188, 0.890675, 0.707107, 0, -0.707107, 0,
 0.000929734, 0, 1.27213, -0.693012, -0.14048, -0.14048, -0.693012,
 0.000929734, 0, 1.27213, -0.707107, 0, 0, -0.707107,
 0.0040302, -0.272147, 0.890675, -0.92972, -0.237396, -0.069654, -0.272787,
 0.0040302, -0.272147, 0.890675, -0.95955, 0, 2.77556e-17, -0.28154,
 0.0040302, 0.272147, 0.890675, -0.272787, -0.069654, -0.237396, -0.92972,
 0.0040302, 0.272147, 0.890675, -0.28154, -5.55112e-17, 0, -0.95955,
 0.0040302, -0.272147, 0.890675, 0.803075, -0.303564, 0.413242, -0.303564,
 0.0040302, -0.272147, 0.890675, 0.850301, 0.118612, 0.217118, -0.464522,
 0.0040302, 0.272147, 0.890675, 0.803075, 0.303564, 0.413242, 0.303564,
 0.0040302, 0.272147, 0.890675, 0.850301, -0.118612, 0.217118, 0.464522,
 0.193694, -0.567532, 0.698905, 0.488053, -0.616559, -0.0233568, 0.617346,
 0.193694, -0.567532, 0.698905, 0.782512, 0.0775539, 0.506859, 0.353207,
 0.193694, 0.567532, 0.698905, 0.617346, -0.0233568, -0.616559, 0.488053,
 0.193694, 0.567532, 0.698905, 0.353207, 0.506859, 0.0775539, 0.782512,
 0.193694, -0.567532, 0.698905, -0.285995, 0.839705, 0.393399, 0.24154,
 0.193694, -0.567532, 0.698905, -0.781635, 0.419457, 0.452489, -0.0914241,
 0.193694, 0.567532, 0.698905, -0.285995, -0.839705, 0.393399, -0.24154,
 0.193694, 0.567532, 0.698905, -0.781635, -0.419457, 0.452489, 0.0914241,
 0.377881, -0.399803, 0.901348, -0.145707, 0.937118, -0.297998, -0.108535,
 0.377881, -0.399803, 0.901348, -0.373024, 0.871937, -0.315586, -0.0314346,
 0.377881, 0.399803, 0.901348, -0.108535, -0.297998, 0.937118, -0.145707,
 0.377881, 0.399803, 0.901348, -0.0314346, -0.315586, 0.871937, -0.373024,
 0.377881, -0.399803, 0.901348, -0.0418855, -0.890686, -0.431374, -0.137276,
 0.377881, -0.399803, 0.901348, 0.179776, -0.873359, -0.451926, -0.0262847,
 0.377881, 0.399803, 0.901348, -0.0418855, 0.890686, -0.431374, 0.137276,
 0.377881, 0.399803, 0.901348, 0.179776, 0.873359, -0.451926, 0.0262847,
 0.451847, -0.318295, 0.926726, -0.297898, -0.742696, -0.24844, 0.54584,
 0.451847, -0.318295, 0.926726, -0.334645, -0.726879, -0.27541, 0.532741,
 0.436708, -0.305809, 0.922865, 0.301692, -0.518311, -0.370556, -0.709245,
 0.436708, -0.305809, 0.922865, 0.27541, -0.532741, -0.334645, -0.726879,
 0.436708, 0.305809, 0.922865, -0.370556, 0.709245, -0.301692, -0.518311,
 0.436708, 0.305809, 0.922865, -0.334645, 0.726879, -0.27541, -0.532741,
 0.451847, 0.318295, 0.926726, 0.24844, 0.54584, -0.297898, 0.742696,
 0.451847, 0.318295, 0.926726, 0.27541, 0.532741, -0.334645, 0.726879,
 0.515841, -0.256544, 0.948282, -0.27541, 0.532741, 0.334645, 0.726879,
 0.515841, -0.256544, 0.948282, -0.24844, 0.54584, 0.297898, 0.742696,
 0.479436, -0.226517, 0.938997, 0.334645, 0.726879, 0.27541, -0.532741,
 0.479436, -0.226517, 0.938997, 0.370556, 0.709245, 0.301692, -0.518311,
 0.479436, 0.226517, 0.938997, -0.27541, -0.532741, 0.334645, -0.726879,
 0.479436, 0.226517, 0.938997, -0.301692, -0.518311, 0.370556, -0.709245,
 0.515841, 0.256544, 0.948281, 0.334645, -0.726879, 0.27541, 0.532741,
 0.515841, 0.256544, 0.948281, 0.297898, -0.742696, 0.24844, 0.54584,
 0.487006, -0.23276, 0.940927, 0.0674513, -0.934838, 0.324783, -0.126686,
 0.479436, -0.226517, 0.938997, 0.0674513, -0.934838, 0.324783, -0.126686,
 0.508271, 0.2503, 0.946351, -0.126686, 0.324783, -0.934838, 0.0674513,
 0.515841, 0.256544, 0.948281, -0.126686, 0.324783, -0.934838, 0.0674513,
 -0.300016, 1.10001, 0.750004, -0.707108, -2.77556e-17, 2.77556e-17, -0.707108,
 -4.28751e-06, 1.15001, 0.9, 0.707107, 0, 0, 0.707107,
 0.3, 0.85, 0.75, 0.707107, 0, 0, 0.707107,
 0.1, 1.1, 0.6, 0.707107, 0, 0, 0.707107,
 0.8, 0, 0.6, 1, 0, 0, 0,
 -0.300016, 1.10001, 0.750004, -0.707108, -2.77556e-17, 2.77556e-17, -0.707108,
 -4.28751e-06, 1.15001, 0.9, 0.707107, 0, 0, 0.707107,
 0.3, 0.85, 0.75, 0.707107, 0, 0, 0.707107,
 ], x:[[0, 0, 0, 0.1, 0, 0, -1, 1, 0.4, 0.5, 0.5, -1, 1, -2, -2, -1.5, 1.5, -0.5, -0.5, -0.5, 0.5, 0.1, 0.1, 0.01, 0.01, 1.4787, 0.0205667, -0.522559, -0.53274, -0.726877, -0.275409, 0.334644, 0.153122, 0.00617394, 1.05526, 0.53274, 0.726877, -0.275409, 0.334644], [0, 0, 0, 0.1, 0, 0, -1, 1, 0.4, 0.5, 0.5, -1, 1, -2, -2, -1.5, 1.5, -0.5, -0.5, -0.5, 0.5, 0.1, 0.1, 0.01, 0.01, 1.4787, 0.0205667, -0.522559, -0.53274, -0.726877, -0.275409, 0.334644, 0.300009, 0.300004, 0]], dual:[] },
QuaternionNorms:{ order:0, type:eq, feature:QuaternionNorms, vars:[1, 1] },
qItself#46:{ order:1, type:sos, feature:"qItself#46", vars:[1, 1] },
qItself#46:{ order:0, type:sos, feature:"qItself#46", vars:[1, 1] },
qZeroVel-red:{ order:1, type:eq, feature:"qZeroVel-red" },
TM_NoJumpToParent-1-red:{ order:1, type:eq, feature:"TM_NoJumpToParent-1-red" },
TM_NoJumpToParent-1-green:{ order:1, type:eq, feature:"TM_NoJumpToParent-1-green", vars:[1] },
TM_NoJumpToParent-1-green:{ order:1, type:eq, feature:"TM_NoJumpToParent-1-green", vars:[0, 1] },
AboveBox:green:blue:{ order:0, type:ineq, feature:"AboveBox:green:blue", vars:[0, 1] },
PairCollision-pr2L-green:{ order:0, type:eq, feature:"PairCollision-pr2L-green", vars:[0, 1] },
PairCollision-green-blue:{ order:0, type:eq, feature:"PairCollision-green-blue", vars:[0, 1] },
ProxyCost:{ order:0, type:sos, feature:ProxyCost, vars:[1, 1] }}KOMO_run_log: [
{ lagrangianQuery: True, errors: [0.333137, 3.98845, 93.3672] },
{ lineSearch: 0, alpha: 1, beta: 1, f_x: 9100.23, f_y: 5577.06, wolfe: 1, accept: True },
{ newton: 1, evaluations: 2, f_x: 5577.06, alpha: 1.5 },
{ lagrangianQuery: True, errors: [0.188521, 3.24379, 67.8726] },
{ lineSearch: 0, alpha: 1, beta: 1, f_x: 5577.06, f_y: 2911.22, wolfe: 1, accept: True },
{ newton: 2, evaluations: 3, f_x: 2911.22, alpha: 1.5 },
{ lagrangianQuery: True, errors: [0.730174, 2.49339, 42.9293] },
{ lineSearch: 0, alpha: 1, beta: 1, f_x: 2911.22, f_y: 1140.72, wolfe: 1, accept: True },
{ newton: 3, evaluations: 4, f_x: 1140.72, alpha: 1.5 },
{ lagrangianQuery: True, errors: [0.281273, 1.75263, 24.8579] },
{ lineSearch: 0, alpha: 1, beta: 1, f_x: 1140.72, f_y: 364.464, wolfe: 1, accept: True },
{ newton: 4, evaluations: 5, f_x: 364.464, alpha: 1.5 },
{ lagrangianQuery: True, errors: [0.234261, 1.16434, 14.0169] },
{ lineSearch: 0, alpha: 1, beta: 1, f_x: 364.464, f_y: 123.593, wolfe: 1, accept: True },
{ newton: 5, evaluations: 6, f_x: 123.593, alpha: 1.5 },
{ lagrangianQuery: True, errors: [0.141828, 0.771496, 1.18574] },
{ lineSearch: 0, alpha: 1, beta: 1, f_x: 123.593, f_y: 0.624163, wolfe: 1, accept: True },
{ newton: 6, evaluations: 7, f_x: 0.624163, alpha: 1.5 },
{ lagrangianQuery: True, errors: [0.00625296, 0.623478, 1.21239] },
{ lineSearch: 0, alpha: 1, beta: 1, f_x: 0.624163, f_y: 1.43422, wolfe: 0, accept: False },
{ lagrangianQuery: True, errors: [0.0440466, 0.697487, 0.989797] },
{ lineSearch: 1, alpha: 0.5, beta: 1, f_x: 0.624163, f_y: 0.544119, wolfe: 1, accept: True },
{ newton: 7, evaluations: 9, f_x: 0.544119, alpha: 0.75 },
{ lagrangianQuery: True, errors: [0.0383187, 0.577956, 0.269386] },
{ lineSearch: 0, alpha: 0.75, beta: 1, f_x: 0.544119, f_y: 0.233858, wolfe: 1, accept: True },
{ newton: 8, evaluations: 10, f_x: 0.233858, alpha: 1.125 },
{ lagrangianQuery: True, errors: [0.0100537, 0.0244183, 1.0442] },
{ lineSearch: 0, alpha: 1, beta: 1, f_x: 0.233858, f_y: 0.890835, wolfe: 0, accept: False },
{ lagrangianQuery: True, errors: [0.0191284, 0.301187, 0.359244] },
{ lineSearch: 1, alpha: 0.5, beta: 1, f_x: 0.233858, f_y: 0.141808, wolfe: 1, accept: True },
{ newton: 9, evaluations: 12, f_x: 0.141808, alpha: 0.75 },
{ lagrangianQuery: True, errors: [0.0508351, 0.0745531, 0.62569] },
{ lineSearch: 0, alpha: 0.75, beta: 1, f_x: 0.141808, f_y: 0.331925, wolfe: 0, accept: False },
{ lagrangianQuery: True, errors: [0.0253261, 0.18787, 0.440499] },
{ lineSearch: 1, alpha: 0.375, beta: 1, f_x: 0.141808, f_y: 0.177583, wolfe: 0, accept: False },
{ lagrangianQuery: True, errors: [0.0168089, 0.244528, 0.365647] },
{ lineSearch: 2, alpha: 0.1875, beta: 1, f_x: 0.141808, f_y: 0.13194, wolfe: 1, accept: True },
{ newton: 10, evaluations: 15, f_x: 0.13194, alpha: 0.28125 },
{ lagrangianQuery: True, errors: [0.0181469, 0.176141, 0.284364] },
{ lineSearch: 0, alpha: 0.28125, beta: 1, f_x: 0.13194, f_y: 0.0800966, wolfe: 1, accept: True },
{ newton: 11, evaluations: 16, f_x: 0.0800966, alpha: 0.421875 },
{ lagrangianQuery: True, errors: [0.0191321, 0.1024, 0.209959] },
{ lineSearch: 0, alpha: 0.421875, beta: 1, f_x: 0.0800966, f_y: 0.0444241, wolfe: 1, accept: True },
{ newton: 12, evaluations: 17, f_x: 0.0444241, alpha: 0.632812 },
{ lagrangianQuery: True, errors: [0.0197089, 0.0380295, 0.144643] },
{ lineSearch: 0, alpha: 0.632812, beta: 1, f_x: 0.0444241, f_y: 0.027098, wolfe: 1, accept: True },
{ newton: 13, evaluations: 18, f_x: 0.027098, alpha: 0.949219 },
{ lagrangianQuery: True, errors: [0.0197089, 0.0380295, 0.144643] },
{ optConstraint: 1, mu: 5, nu: 5, L_x_beforeUpdate: 0.027098, L_x_afterUpdate: 0.0714328, errors: [0.0197089, 0.0380295, 0.144643], lambda: [-7.73442e-07, 0.00264945, 0, 0, 0, 0, 0, 0, 0, 0, 0, 0, 0, 0, 0, 0, 0, 0, 0, 0, 0, 0, 0, 0, 0, 0, 0, 0, 0, 0, 0, 0, 0, 0, 0, 0, 0, 0, 0, 0, 0, 0, 0, 0, 0, 0, 0, 0, 0, 0, 0, 0, 0.0025922, -0.000827296, -0.00653328, 3.66719e-05, -0.00419708, 0.000256855, 0.000894136, 0, 6.65297e-07, 0, 0, 0, 0, 0, 0, 0, 0, 0, 0, 0, 0, 0, 0, 0, 0, 0, 0, 0, 0, 0, 0, 0, 0, 0, 0, 0, 0, 0, 0, 0, 0, 0, 0, 0, 0, 0, 0, 0, 0, 0, 0, 0, 0, 0, 0, 0, 0, 0, 0, -0.00244763, -0.116564, 0.0112656, 0.00702379, -0.00941493, 0.0078878, 0.00489855, 0.0294895, 0, 0.0465694, 0, -0.111796, -6.93889e-15, 0] },
{ lagrangianQuery: True, errors: [0.0258, 0, 0.0325982] },
{ lineSearch: 0, alpha: 0.949219, beta: 1, f_x: 0.0714328, f_y: 0.0291019, wolfe: 1, accept: True },
{ newton: 14, evaluations: 19, f_x: 0.0291019, alpha: 1.42383 },
{ lagrangianQuery: True, errors: [0.0230929, 0, 0.0695844] },
{ lineSearch: 0, alpha: 1, beta: 1, f_x: 0.0291019, f_y: 0.0404027, wolfe: 0, accept: False },
{ lagrangianQuery: True, errors: [0.0245916, 0, 0.0286247] },
{ lineSearch: 1, alpha: 0.5, beta: 1, f_x: 0.0291019, f_y: 0.0274398, wolfe: 1, accept: True },
{ newton: 15, evaluations: 21, f_x: 0.0274398, alpha: 0.75 },
{ lagrangianQuery: True, errors: [0.0588359, 0, 0.77044] },
{ lineSearch: 0, alpha: 0.75, beta: 1, f_x: 0.0274398, f_y: 2.79405, wolfe: 0, accept: False },
{ lagrangianQuery: True, errors: [0.02351, 0, 0.201084] },
{ lineSearch: 1, alpha: 0.375, beta: 1, f_x: 0.0274398, f_y: 0.207716, wolfe: 0, accept: False },
{ lagrangianQuery: True, errors: [0.0226997, 0, 0.0646525] },
{ lineSearch: 2, alpha: 0.1875, beta: 1, f_x: 0.0274398, f_y: 0.0400849, wolfe: 0, accept: False },
{ lagrangianQuery: True, errors: [0.0236073, 0, 0.0456986] },
{ lineSearch: 3, alpha: 0.09375, beta: 1, f_x: 0.0274398, f_y: 0.0315631, wolfe: 0, accept: False },
{ lagrangianQuery: True, errors: [0.0240896, 0, 0.0354346] },
{ lineSearch: 4, alpha: 0.046875, beta: 1, f_x: 0.0274398, f_y: 0.0285862, wolfe: 0, accept: False },
{ lagrangianQuery: True, errors: [0.0243381, 0, 0.0302713] },
{ lineSearch: 5, alpha: 0.0234375, beta: 1, f_x: 0.0274398, f_y: 0.0275527, wolfe: 0, accept: False },
{ newton: 16, evaluations: 27, f_x: 0.0274398, alpha: 0.0117188 },
{ lagrangianQuery: True, errors: [0.0244642, 0, 0.028852] },
{ lineSearch: 0, alpha: 0.0117188, beta: 1, f_x: 0.0274398, f_y: 0.0273725, wolfe: 1, accept: True },
{ newton: 17, evaluations: 28, f_x: 0.0273725, alpha: 0.0175781 },
{ lagrangianQuery: True, errors: [0.0243686, 0, 0.028951] },
{ lineSearch: 0, alpha: 0.0175781, beta: 1, f_x: 0.0273725, f_y: 0.0273207, wolfe: 1, accept: True },
{ newton: 18, evaluations: 29, f_x: 0.0273207, alpha: 0.0263672 },
{ lagrangianQuery: True, errors: [0.0243077, 0, 0.028344] },
{ lineSearch: 0, alpha: 0.0263672, beta: 1, f_x: 0.0273207, f_y: 0.0271754, wolfe: 1, accept: True },
{ newton: 19, evaluations: 30, f_x: 0.0271754, alpha: 0.0395508 },
{ lagrangianQuery: True, errors: [0.0243077, 0, 0.028344] },
{ optConstraint: 2, mu: 25, nu: 25, L_x_beforeUpdate: 0.0271754, L_x_afterUpdate: 0.0331887, errors: [0.0243077, 0, 0.028344], lambda: [-1.17495e-07, 0.0139375, 0, 0, 0, 0, 0, 0, 0, 0, 0, 0, 0, 0, 0, 0, 0, 0, 0, 0, 0, 0, 0, 0, 0, 0, 0, 0, 0, 0, 0, 0, 0, 0, 0, 0, 0, 0, 0, 0, 0, 0, 0, 0, 0, 0, 0, 0, 0, 0, 0, 0, 0.00400599, 0.0134363, -0.00255294, 0.000221573, -0.00209773, 0.00880439, 0.00962549, 0, 1.01067e-07, 0, 0, 0, 0, 0, 0, 0, 0, 0, 0, 0, 0, 0, 0, 0, 0, 0, 0, 0, 0, 0, 0, 0, 0, 0, 0, 0, 0, 0, 0, 0, 0, 0, 0, 0, 0, 0, 0, 0, 0, 0, 0, 0, 0, 0, 0, 0, 0, 0, 0, -0.00812957, -0.216842, 0.0180663, 0.0146854, -0.0211125, 0.0192551, -0.00186134, 0.00463704, 0, 0.0067797, 0, -0.194479, -1.52656e-13, 0] },
{ lagrangianQuery: True, errors: [0.0242724, 0, 0.0270726] },
{ lineSearch: 0, alpha: 0.0395508, beta: 1, f_x: 0.0331887, f_y: 0.0325437, wolfe: 1, accept: True },
{ newton: 20, evaluations: 31, f_x: 0.0325437, alpha: 0.0593262 },
{ lagrangianQuery: True, errors: [0.0242152, 0, 0.0252286] },
{ lineSearch: 0, alpha: 0.0593262, beta: 1, f_x: 0.0325437, f_y: 0.0316313, wolfe: 1, accept: True },
{ newton: 21, evaluations: 32, f_x: 0.0316313, alpha: 0.0889893 },
{ lagrangianQuery: True, errors: [0.0241129, 0, 0.0229031] },
{ lineSearch: 0, alpha: 0.0889893, beta: 1, f_x: 0.0316313, f_y: 0.0305206, wolfe: 1, accept: True },
{ newton: 22, evaluations: 33, f_x: 0.0305206, alpha: 0.133484 },
{ lagrangianQuery: True, errors: [0.0239076, 0, 0.0206784] },
{ lineSearch: 0, alpha: 0.133484, beta: 1, f_x: 0.0305206, f_y: 0.0295183, wolfe: 1, accept: True },
{ newton: 23, evaluations: 34, f_x: 0.0295183, alpha: 0.200226 },
{ lagrangianQuery: True, errors: [0.0235782, 0, 0.0166938] },
{ lineSearch: 0, alpha: 0.200226, beta: 1, f_x: 0.0295183, f_y: 0.0276192, wolfe: 1, accept: True },
{ newton: 24, evaluations: 35, f_x: 0.0276192, alpha: 0.300339 },
{ lagrangianQuery: True, errors: [0.0235782, 0, 0.0166938] },
{ optConstraint: 3, mu: 125, nu: 125, L_x_beforeUpdate: 0.0276192, L_x_afterUpdate: 0.0368147, errors: [0.0235782, 0, 0.0166938], lambda: [1.80436e-06, 0.0455743, 0, 0, 0, 0, 0, 0, 0, 0, 0, 0, 0, 0, 0, 0, 0, 0, 0, 0, 0, 0, 0, 0, 0, 0, 0, 0, 0, 0, 0, 0, 0, 0, 0, 0, 0, 0, 0, 0, 0, 0, 0, 0, 0, 0, 0, 0, 0, 0, 0, 0, 0.00922014, 0.0566359, 0.00628657, 0.00114864, 0.00418823, 0.0335185, 0.0346439, 0, -1.55206e-06, 0, 0, 0, 0, 0, 0, 0, 0, 0, 0, 0, 0, 0, 0, 0, 0, 0, 0, 0, 0, 0, 0, 0, 0, 0, 0, 0, 0, 0, 0, 0, 0, 0, 0, 0, 0, 0, 0, 0, 0, 0, 0, 0, 0, 0, 0, 0, 0, 0, 0, -0.0239036, -0.499585, 0.043151, 0.0355464, -0.0542909, 0.0496505, -0.0217174, 0, 0, 0, 0, -0.45544, -3.26128e-13, 0] },
{ lagrangianQuery: True, errors: [0.0230799, 0, 0.0114561] },
{ lineSearch: 0, alpha: 0.300339, beta: 1, f_x: 0.0368147, f_y: 0.0297938, wolfe: 1, accept: True },
{ newton: 25, evaluations: 36, f_x: 0.0297938, alpha: 0.450508 },
{ lagrangianQuery: True, errors: [0.0221037, 0.00368997, 0.0113053] },
{ lineSearch: 0, alpha: 0.450508, beta: 1, f_x: 0.0297938, f_y: 0.0310214, wolfe: 0, accept: False },
{ lagrangianQuery: True, errors: [0.0226146, 0.00122535, 0.00954455] },
{ lineSearch: 1, alpha: 0.225254, beta: 1, f_x: 0.0297938, f_y: 0.0279697, wolfe: 1, accept: True },
{ newton: 26, evaluations: 38, f_x: 0.0279697, alpha: 0.337881 },
{ lagrangianQuery: True, errors: [0.0214761, 0.0220739, 0.0192942] },
{ lineSearch: 0, alpha: 0.337881, beta: 1, f_x: 0.0279697, f_y: 0.10806, wolfe: 0, accept: False },
{ lagrangianQuery: True, errors: [0.0220045, 0.0101254, 0.015291] },
{ lineSearch: 1, alpha: 0.168941, beta: 1, f_x: 0.0279697, f_y: 0.0506037, wolfe: 0, accept: False },
{ lagrangianQuery: True, errors: [0.0222991, 0.00415113, 0.0123038] },
{ lineSearch: 2, alpha: 0.0844703, beta: 1, f_x: 0.0279697, f_y: 0.0338909, wolfe: 0, accept: False },
{ lagrangianQuery: True, errors: [0.0224542, 0.00117337, 0.0105636] },
{ lineSearch: 3, alpha: 0.0422351, beta: 1, f_x: 0.0279697, f_y: 0.0294707, wolfe: 0, accept: False },
{ newton: 27, evaluations: 42, f_x: 0.0279697, alpha: 0.0211176 },
{ lagrangianQuery: True, errors: [0.0225337, 0.00119936, 0.00969845] },
{ lineSearch: 0, alpha: 0.0211176, beta: 1, f_x: 0.0279697, f_y: 0.028193, wolfe: 0, accept: False },
{ newton: 28, evaluations: 43, f_x: 0.0279697, alpha: 0.0105588 },
{ lagrangianQuery: True, errors: [0.022574, 0.00121235, 0.00950997] },
{ lineSearch: 0, alpha: 0.0105588, beta: 1, f_x: 0.0279697, f_y: 0.027941, wolfe: 1, accept: True },
{ newton: 29, evaluations: 44, f_x: 0.027941, alpha: 0.0158382 },
{ lagrangianQuery: True, errors: [0.0225325, 0.0011931, 0.00937124] },
{ lineSearch: 0, alpha: 0.0158382, beta: 1, f_x: 0.027941, f_y: 0.0278103, wolfe: 1, accept: True },
{ newton: 30, evaluations: 45, f_x: 0.0278103, alpha: 0.0237573 },
{ lagrangianQuery: True, errors: [0.0224818, 0.00116474, 0.00906659] },
{ lineSearch: 0, alpha: 0.0237573, beta: 1, f_x: 0.0278103, f_y: 0.0275073, wolfe: 1, accept: True },
{ newton: 31, evaluations: 46, f_x: 0.0275073, alpha: 0.0356359 },
{ lagrangianQuery: True, errors: [0.0224818, 0.00116474, 0.00906659] },
{ optConstraint: 4, mu: 625, nu: 625, L_x_beforeUpdate: 0.0275073, L_x_afterUpdate: 0.0410471, errors: [0.0224818, 0.00116474, 0.00906659], lambda: [5.88195e-06, 0.152066, 0, 0, 0, 0, 0, 0, 0, 0, 0, 0, 0, 0, 0, 0, 0, 0, 0, 0, 0, 0, 0, 0, 0, 0, 0, 0, 0, 0, 0, 0, 0, 0, 0, 0, 0, 0, 0, 0, 0, 0, 0, 0, 0, 0, 0, 0, 0, 0, 0, 0, 0.0419292, 0.221618, 0.00454454, 0.00578686, 0.036037, 0.121375, 0.128867, 0, -5.05952e-06, 0, 0, 0, 0, 0, 0, 0, 0, 0, 0, 0, 0, 0, 0, 0, 0, 0, 0, 0, 0, 0, 0, 0, 0, 0, 0, 0, 0, 0, 0, 0, 0, 0, 0, 0, 0, 0, 0, 0, 0, 0, 0, 0, 0, 0, 0, 0, 0, 0, 0, -0.0782212, -1.13403, 0.0701102, 0.0901337, -0.139935, 0.105554, -0.103741, 0.291185, 0, 0, 0, -1.20371, -1.19349e-12, 0] },
{ lagrangianQuery: True, errors: [0.0224023, 0.00111494, 0.00866777] },
{ lineSearch: 0, alpha: 0.0356359, beta: 1, f_x: 0.0410471, f_y: 0.0396397, wolfe: 1, accept: True },
{ newton: 32, evaluations: 47, f_x: 0.0396397, alpha: 0.0534538 },
{ lagrangianQuery: True, errors: [0.0222821, 0.00104289, 0.00810096] },
{ lineSearch: 0, alpha: 0.0534538, beta: 1, f_x: 0.0396397, f_y: 0.0376806, wolfe: 1, accept: True },
{ newton: 33, evaluations: 48, f_x: 0.0376806, alpha: 0.0801808 },
{ lagrangianQuery: True, errors: [0.0220991, 0.000940596, 0.00733288] },
{ lineSearch: 0, alpha: 0.0801808, beta: 1, f_x: 0.0376806, f_y: 0.0351201, wolfe: 1, accept: True },
{ newton: 34, evaluations: 49, f_x: 0.0351201, alpha: 0.120271 },
{ lagrangianQuery: True, errors: [0.0218204, 0.000799454, 0.0063239] },
{ lineSearch: 0, alpha: 0.120271, beta: 1, f_x: 0.0351201, f_y: 0.031864, wolfe: 1, accept: True },
{ newton: 35, evaluations: 50, f_x: 0.031864, alpha: 0.180407 },
{ lagrangianQuery: True, errors: [0.0213782, 0.000613241, 0.00620392] },
{ lineSearch: 0, alpha: 0.180407, beta: 1, f_x: 0.031864, f_y: 0.0322608, wolfe: 0, accept: False },
{ lagrangianQuery: True, errors: [0.0216033, 0.000706348, 0.00588867] },
{ lineSearch: 1, alpha: 0.0902034, beta: 1, f_x: 0.031864, f_y: 0.0308207, wolfe: 1, accept: True },
{ newton: 36, evaluations: 52, f_x: 0.0308207, alpha: 0.135305 },

] #end of KOMO_run_log
