SKELETON:
  initial (pr2R) from 0 to 2
  initial (pr2L) from 0 to 2
  initial (red) from 0 to 2
  initial (green) from 0 to 2
  initial (blue) from 0 to 2
  initial (table1) from 0 to 2
  initial (table2) from 0 to 2
  touch (pr2R red) from 1 to 2
  stable (pr2R red) from 1 to 2
  touch (pr2L green) from 2 to 2
  stable (pr2L green) from 2 to 2
SWITCHES:
  START  -->  stable (pr2R red) from 1 to 2
  START  -->  stable (pr2L green) from 2 to 2
KOMO Problem:
  x-dim:71  dual-dim:0
  T:2 k:1 phases:2 stepsPerPhase:1 tau:10
  #configurations:3 q-dims: (0..0)25 (1..1)32 (2..2)39
    times:[10, 20]
  usingSwift:1
    TASK 'QuaternionNorms' ([1, 1])  type:eq  order:0  target:[]  scale:[3]
    TASK 'qItself#46' ([1, 1])  type:sos  order:1  target:[]  scale:[0.316228, 0.316228, 0.316228, 94.8683, 0.00316228, 0.0316228, 0.0316228, 0.0316228, 0.00316228, 0.0316228, 0.0316228, 0.0316228, 0.0316228, 0.0316228, 0.0316228, 0.0316228, 0.0316228, 0.0316228, 0.0316228, 0.0316228, 0.0316228, 0.0316228, 0.0316228, 0.0316228, 0.0316228]
    TASK 'qItself#46' ([1, 1])  type:sos  order:0  target:[]  scale:[0.0316228]
    TASK 'qZeroVel-red' ()  type:eq  order:1  target:[]  scale:[10]
    TASK 'TM_NoJumpToParent-1-red' ([1])  type:eq  order:1  target:[]  scale:[100]
    TASK 'TM_NoJumpToParent-1-green' ([0, 1])  type:eq  order:1  target:[]  scale:[100]
    TASK 'PairCollision-pr2L-green' ([0, 1])  type:eq  order:0  target:[]  scale:[100]
    TASK 'ProxyCost' ([1, 1])  type:sos  order:0  target:[]  scale:[10]
    SWITCH  timeOfApplication=0  symbol=joint  jointType=free  fromId=105  toId=164
    SWITCH  timeOfApplication=1  symbol=joint  jointType=free  fromId=106  toId=165
{KOMO_specs:{ x_dim:71, T:2, k_order:1, tau:10, useSwift, X:[
0, 0, 0, 1, 0, 0, 0,
 0, 0, 0, 1, 0, 0, 0,
 -0.0500001, 0, 0.890675, 0.707107, 0, -0.707107, 0,
 -0.0670703, 0, 1.27213, 0.707107, 0, -0.707107, 0,
 0.0489299, 0, 1.11768, -0.707107, 0, 0, -0.707107,
 -0.0500001, -0.188, 0.890675, 0.620545, -0.339005, -0.620545, -0.339005,
 -0.0500001, 0.188, 0.890675, 0.620545, 0.339005, -0.620545, 0.339005,
 0.000929734, 0, 1.27213, -0.693012, -0.14048, -0.14048, -0.693012,
 0.0040302, -0.272147, 0.890675, -0.92972, -0.237396, -0.069654, -0.272787,
 0.0040302, 0.272147, 0.890675, -0.272787, -0.069654, -0.237396, -0.92972,
 0.0040302, -0.272147, 0.890675, 0.803075, -0.303564, 0.413242, -0.303564,
 0.0040302, 0.272147, 0.890675, 0.803075, 0.303564, 0.413242, 0.303564,
 0.193694, -0.567532, 0.698905, 0.488053, -0.616559, -0.0233568, 0.617346,
 0.193694, 0.567532, 0.698905, 0.617346, -0.0233568, -0.616559, 0.488053,
 0.193694, -0.567532, 0.698905, -0.285995, 0.839705, 0.393399, 0.24154,
 0.193694, 0.567532, 0.698905, -0.285995, -0.839705, 0.393399, -0.24154,
 0.377881, -0.399803, 0.901348, -0.145707, 0.937118, -0.297998, -0.108535,
 0.377881, 0.399803, 0.901348, -0.108535, -0.297998, 0.937118, -0.145707,
 0.39889, -0.372037, 0.908767, -0.0418855, -0.890686, -0.431374, -0.137276,
 0.39889, 0.372037, 0.908767, -0.0418855, 0.890686, -0.431374, 0.137276,
 0.451847, -0.318295, 0.926726, -0.297898, -0.742696, -0.24844, 0.54584,
 0.436708, -0.305809, 0.922865, 0.301692, -0.518311, -0.370556, -0.709245,
 0.436708, 0.305809, 0.922865, -0.370556, 0.709245, -0.301692, -0.518311,
 0.451847, 0.318295, 0.926726, 0.24844, 0.54584, -0.297898, 0.742696,
 0.515841, -0.256544, 0.948282, -0.27541, 0.532741, 0.334645, 0.726879,
 0.479436, -0.226517, 0.938997, 0.334645, 0.726879, 0.27541, -0.532741,
 0.479436, 0.226517, 0.938997, -0.27541, -0.532741, 0.334645, -0.726879,
 0.515841, 0.256544, 0.948281, 0.334645, -0.726879, 0.27541, 0.532741,
 0.487006, -0.23276, 0.940927, 0.0674513, -0.934838, 0.324783, -0.126686,
 0.508271, 0.2503, 0.946351, -0.126686, 0.324783, -0.934838, 0.0674513,
 -0.0282159, 0.00517696, 0.272424, 1, 0, 0, 0,
 0, 0, 0, 1, 0, 0, 0,
 -0.29, 0, 0.851, 1, 0, 0, 0,
 0.21838, 0.225407, 0.180919, 1, 0, 0, 0,
 0.224225, 0.270791, 0.0789213, 1, 0, 0, 0,
 0.224225, 0.172791, 0.0789213, 1, 0, 0, 0,
 0.21838, -0.223793, 0.180919, 1, 0, 0, 0,
 0.224225, -0.178409, 0.0789213, 1, 0, 0, 0,
 0.224225, -0.276409, 0.0789213, 1, 0, 0, 0,
 -0.23082, 0.225407, 0.180919, 1, 0, 0, 0,
 -0.224975, 0.270791, 0.0789213, 1, 0, 0, 0,
 -0.224975, 0.172791, 0.0789213, 1, 0, 0, 0,
 -0.23082, -0.223793, 0.180919, 1, 0, 0, 0,
 -0.224975, -0.178409, 0.0789213, 1, 0, 0, 0,
 -0.224975, -0.276409, 0.0789213, 1, 0, 0, 0,
 -0.116563, -0.00108579, 1.01135, -1, 0, 0, -0,
 -0.026643, 0.000777182, 1.26448, -1, 0, 0, -0,
 0.03954, 0.00096181, 1.36052, 0.980067, 0, 0.198669, 0,
 0.0474159, 1.43584e-08, 1.3225, 0.980067, 0, 0.198669, 0,
 0.0474159, 1.43584e-08, 1.3225, 0.980067, 0, 0.198669, 0,
 0.0479407, 8.16945e-09, 1.34942, 0.980067, 0, 0.198669, 0,
 -0.0538428, 0.00394506, 1.57636, 0.980067, 0, 0.198669, 0,
 -0.0208361, 0.0124999, 1.5983, 0.980067, 0, 0.198669, 0,
 -0.0208361, -0.0175001, 1.5983, 0.980067, 0, 0.198669, 0,
 -0.0524158, 0.0124999, 1.56005, 0.980067, 0, 0.198669, 0,
 0.0472586, -0.00300578, 1.12989, 1, 0, -0, 0,
 -0.0448562, -0.191235, 0.722545, -0.877583, 0, 0, 0.479426,
 0.033844, -0.320941, 0.877835, 0.850301, 0.118612, 0.217118, -0.464522,
 0.061539, -0.361528, 0.832555, 0.803075, -0.303564, 0.413242, -0.303564,
 0.144326, -0.497476, 0.743806, 0.803075, -0.303564, 0.413242, -0.303564,
 0.244854, -0.51539, 0.746781, -0.285995, 0.839705, 0.393399, 0.24154,
 0.210596, -0.556788, 0.714328, -0.781635, 0.419457, 0.452489, -0.0914241,
 0.318984, -0.452781, 0.833042, -0.285995, 0.839705, 0.393399, 0.24154,
 0.376423, -0.402433, 0.902914, 0.179776, -0.873359, -0.451926, -0.0262847,
 0.417531, -0.34752, 0.916464, -0.0418855, -0.890686, -0.431374, -0.137276,
 0.451216, -0.303233, 0.927257, -0.0418855, -0.890686, -0.431374, -0.137276,
 0.39889, -0.372037, 0.908767, -0.0418855, -0.890686, -0.431374, -0.137276,
 0.493236, -0.291834, 0.940276, 0.0349722, 0.911133, 0.386319, 0.139198,
 0.45184, -0.257573, 0.929275, -0.868013, 0.0486941, 0.135011, -0.475351,
 0.521172, -0.250676, 0.950242, -0.0418855, -0.890686, -0.431374, -0.137276,
 0.483703, -0.219702, 0.940425, 0.890686, -0.0418855, -0.137276, 0.431374,
 -0.0491989, 0.194023, 0.722545, -0.877583, 0, 0, -0.479426,
 0.0359917, 0.319562, 0.877835, 0.850301, -0.118612, 0.217118, 0.464522,
 0.0614936, 0.361649, 0.832696, 0.803075, 0.303564, 0.413242, 0.303564,
 0.144615, 0.496706, 0.742906, 0.803075, 0.303564, 0.413242, 0.303564,
 0.245654, 0.515918, 0.746491, -0.285995, -0.839705, 0.393399, -0.24154,
 0.210883, 0.556023, 0.713434, -0.781635, -0.419457, 0.452489, 0.0914241,
 0.317879, 0.452053, 0.833444, -0.285995, -0.839705, 0.393399, -0.24154,
 0.376795, 0.402679, 0.902779, 0.179776, 0.873359, -0.451926, 0.0262847,
 0.417092, 0.347158, 0.916352, -0.0418855, 0.890686, -0.431374, 0.137276,
 0.450881, 0.302957, 0.927172, -0.0418855, 0.890686, -0.431374, 0.137276,
 0.39889, 0.372037, 0.908767, -0.0418855, 0.890686, -0.431374, 0.137276,
 0.45172, 0.257591, 0.929687, 0.0486941, -0.868013, 0.475351, -0.135011,
 0.493356, 0.291815, 0.939863, 0.911133, 0.0349722, -0.139198, -0.386319,
 0.483632, 0.219713, 0.940668, -0.0418855, 0.890686, -0.431374, 0.137276,
 0.521242, 0.250665, 0.949999, -0.890686, -0.0418855, 0.137276, 0.431374,
 0, 0, 0.18, 1, 0, 0, 0,
 -0.13, 0, 0.55, 1, 0, 0, 0,
 0.108979, -0.435596, 0.78456, 0.803075, -0.303564, 0.413242, -0.303564,
 0.31419, -0.457802, 0.831344, -0.29955, 0.830764, 0.383179, 0.270698,
 0.469707, -0.278444, 0.933776, -0.0418855, -0.890686, -0.431374, -0.137276,
 0.108979, 0.435596, 0.78456, 0.803075, 0.303564, 0.413242, 0.303564,
 0.31419, 0.457802, 0.831344, -0.29955, -0.830764, 0.383179, -0.270698,
 0.469707, 0.278444, 0.933776, -0.0418855, 0.890686, -0.431374, 0.137276,
 0.508271, 0.2503, 0.946351, 0.0418855, -0.890686, 0.431374, -0.137276,
 0.487006, -0.23276, 0.940927, 0.0418855, 0.890686, 0.431374, 0.137276,
 0.404791, -0.364237, 0.910851, -0.579725, -0.753368, 0.191417, 0.244376,
 0.404791, 0.364237, 0.910851, 0.031525, 0.437371, -0.64258, -0.628336,
 0, 0, 0, 1, 0, 0, 0,
 0.15, 0, 0.890675, 1, 0, -1.11022e-16, 0,
 0.121345, 4.95118e-08, 1.3515, -0.589368, -0.390699, 0.390699, 0.589368,
 0.55, 0, 0.790675, 0.707107, 5.55112e-17, -5.55112e-17, -0.707107,
 0.093713, 3.09449e-08, 1.36318, 0.390699, -0.589368, 0.589368, -0.390699,
 -0.0208361, -0.0175001, 1.5983, 0.589368, 0.390699, -0.390699, -0.589368,
 0.0472586, -0.00300578, 1.12989, 0.5, -0.5, 0.5, -0.5,
 0.505116, -0.231648, 0.94628, 0.140075, -0.319237, -0.708725, 0.613335,
 0.505116, 0.231648, 0.94628, -0.613335, 0.708725, 0.319237, -0.140075,
 0, 0, 0, 1, 0, 0, 0,
 -0.0500001, 0, 0.890675, 0.707107, 0, -0.707107, 0,
 -0.05, 0, 0.790675, 0.707107, 0, -0.707107, 0,
 -0.0670703, 0, 1.27213, 0.707107, 0, -0.707107, 0,
 -0.0670703, 0, 1.27213, 0.707107, 0, -0.707107, 0,
 0.0489299, 0, 1.11768, -0.707107, 0, 0, -0.707107,
 0.0489299, 0, 1.11768, -0.707107, 0, 0, -0.707107,
 -0.0500001, -0.188, 0.890675, 0.620545, -0.339005, -0.620545, -0.339005,
 -0.0500001, -0.188, 0.890675, 0.707107, 0, -0.707107, 0,
 -0.0500001, 0.188, 0.890675, 0.620545, 0.339005, -0.620545, 0.339005,
 -0.0500001, 0.188, 0.890675, 0.707107, 0, -0.707107, 0,
 0.000929734, 0, 1.27213, -0.693012, -0.14048, -0.14048, -0.693012,
 0.000929734, 0, 1.27213, -0.707107, 0, 0, -0.707107,
 0.0040302, -0.272147, 0.890675, -0.92972, -0.237396, -0.069654, -0.272787,
 0.0040302, -0.272147, 0.890675, -0.95955, 0, 2.77556e-17, -0.28154,
 0.0040302, 0.272147, 0.890675, -0.272787, -0.069654, -0.237396, -0.92972,
 0.0040302, 0.272147, 0.890675, -0.28154, -5.55112e-17, 0, -0.95955,
 0.0040302, -0.272147, 0.890675, 0.803075, -0.303564, 0.413242, -0.303564,
 0.0040302, -0.272147, 0.890675, 0.850301, 0.118612, 0.217118, -0.464522,
 0.0040302, 0.272147, 0.890675, 0.803075, 0.303564, 0.413242, 0.303564,
 0.0040302, 0.272147, 0.890675, 0.850301, -0.118612, 0.217118, 0.464522,
 0.193694, -0.567532, 0.698905, 0.488053, -0.616559, -0.0233568, 0.617346,
 0.193694, -0.567532, 0.698905, 0.782512, 0.0775539, 0.506859, 0.353207,
 0.193694, 0.567532, 0.698905, 0.617346, -0.0233568, -0.616559, 0.488053,
 0.193694, 0.567532, 0.698905, 0.353207, 0.506859, 0.0775539, 0.782512,
 0.193694, -0.567532, 0.698905, -0.285995, 0.839705, 0.393399, 0.24154,
 0.193694, -0.567532, 0.698905, -0.781635, 0.419457, 0.452489, -0.0914241,
 0.193694, 0.567532, 0.698905, -0.285995, -0.839705, 0.393399, -0.24154,
 0.193694, 0.567532, 0.698905, -0.781635, -0.419457, 0.452489, 0.0914241,
 0.377881, -0.399803, 0.901348, -0.145707, 0.937118, -0.297998, -0.108535,
 0.377881, -0.399803, 0.901348, -0.373024, 0.871937, -0.315586, -0.0314346,
 0.377881, 0.399803, 0.901348, -0.108535, -0.297998, 0.937118, -0.145707,
 0.377881, 0.399803, 0.901348, -0.0314346, -0.315586, 0.871937, -0.373024,
 0.377881, -0.399803, 0.901348, -0.0418855, -0.890686, -0.431374, -0.137276,
 0.377881, -0.399803, 0.901348, 0.179776, -0.873359, -0.451926, -0.0262847,
 0.377881, 0.399803, 0.901348, -0.0418855, 0.890686, -0.431374, 0.137276,
 0.377881, 0.399803, 0.901348, 0.179776, 0.873359, -0.451926, 0.0262847,
 0.451847, -0.318295, 0.926726, -0.297898, -0.742696, -0.24844, 0.54584,
 0.451847, -0.318295, 0.926726, -0.334645, -0.726879, -0.27541, 0.532741,
 0.436708, -0.305809, 0.922865, 0.301692, -0.518311, -0.370556, -0.709245,
 0.436708, -0.305809, 0.922865, 0.27541, -0.532741, -0.334645, -0.726879,
 0.436708, 0.305809, 0.922865, -0.370556, 0.709245, -0.301692, -0.518311,
 0.436708, 0.305809, 0.922865, -0.334645, 0.726879, -0.27541, -0.532741,
 0.451847, 0.318295, 0.926726, 0.24844, 0.54584, -0.297898, 0.742696,
 0.451847, 0.318295, 0.926726, 0.27541, 0.532741, -0.334645, 0.726879,
 0.515841, -0.256544, 0.948282, -0.27541, 0.532741, 0.334645, 0.726879,
 0.515841, -0.256544, 0.948282, -0.24844, 0.54584, 0.297898, 0.742696,
 0.479436, -0.226517, 0.938997, 0.334645, 0.726879, 0.27541, -0.532741,
 0.479436, -0.226517, 0.938997, 0.370556, 0.709245, 0.301692, -0.518311,
 0.479436, 0.226517, 0.938997, -0.27541, -0.532741, 0.334645, -0.726879,
 0.479436, 0.226517, 0.938997, -0.301692, -0.518311, 0.370556, -0.709245,
 0.515841, 0.256544, 0.948281, 0.334645, -0.726879, 0.27541, 0.532741,
 0.515841, 0.256544, 0.948281, 0.297898, -0.742696, 0.24844, 0.54584,
 0.487006, -0.23276, 0.940927, 0.0674513, -0.934838, 0.324783, -0.126686,
 0.479436, -0.226517, 0.938997, 0.0674513, -0.934838, 0.324783, -0.126686,
 0.508271, 0.2503, 0.946351, -0.126686, 0.324783, -0.934838, 0.0674513,
 0.515841, 0.256544, 0.948281, -0.126686, 0.324783, -0.934838, 0.0674513,
 -0.300016, 1.10001, 0.750004, -0.707108, -2.77556e-17, 2.77556e-17, -0.707108,
 1.38778e-17, 1.15, 0.75, 0.707107, 0, 0, 0.707107,
 0.3, 0.85, 0.75, 0.707107, 0, 0, 0.707107,
 0.1, 1.1, 0.6, 0.707107, 0, 0, 0.707107,
 0.8, 0, 0.6, 1, 0, 0, 0,
 -0.300016, 1.10001, 0.750004, -0.707108, -2.77556e-17, 2.77556e-17, -0.707108,
 1.38778e-17, 1.15, 0.75, 0.707107, 0, 0, 0.707107,
 0.3, 0.85, 0.75, 0.707107, 0, 0, 0.707107,
 
0, 0, 0, 1, 0, 0, 0,
 0, 0, 0, 1, 0, 0, 0,
 -0.0500001, 0, 0.890675, 0.707107, 0, -0.707107, 0,
 -0.0670703, 0, 1.27213, 0.707107, 0, -0.707107, 0,
 0.0489299, 0, 1.11768, -0.707107, 0, 0, -0.707107,
 -0.0500001, -0.188, 0.890675, 0.620545, -0.339005, -0.620545, -0.339005,
 -0.0500001, 0.188, 0.890675, 0.620545, 0.339005, -0.620545, 0.339005,
 0.000929734, 0, 1.27213, -0.693012, -0.14048, -0.14048, -0.693012,
 0.0040302, -0.272147, 0.890675, -0.92972, -0.237396, -0.069654, -0.272787,
 0.0040302, 0.272147, 0.890675, -0.272787, -0.069654, -0.237396, -0.92972,
 0.0040302, -0.272147, 0.890675, 0.803075, -0.303564, 0.413242, -0.303564,
 0.0040302, 0.272147, 0.890675, 0.803075, 0.303564, 0.413242, 0.303564,
 0.193694, -0.567532, 0.698905, 0.488053, -0.616559, -0.0233568, 0.617346,
 0.193694, 0.567532, 0.698905, 0.617346, -0.0233568, -0.616559, 0.488053,
 0.193694, -0.567532, 0.698905, -0.285995, 0.839705, 0.393399, 0.24154,
 0.193694, 0.567532, 0.698905, -0.285995, -0.839705, 0.393399, -0.24154,
 0.377881, -0.399803, 0.901348, -0.145707, 0.937118, -0.297998, -0.108535,
 0.377881, 0.399803, 0.901348, -0.108535, -0.297998, 0.937118, -0.145707,
 0.39889, -0.372037, 0.908767, -0.0418855, -0.890686, -0.431374, -0.137276,
 0.39889, 0.372037, 0.908767, -0.0418855, 0.890686, -0.431374, 0.137276,
 0.451847, -0.318295, 0.926726, -0.297898, -0.742696, -0.24844, 0.54584,
 0.436708, -0.305809, 0.922865, 0.301692, -0.518311, -0.370556, -0.709245,
 0.436708, 0.305809, 0.922865, -0.370556, 0.709245, -0.301692, -0.518311,
 0.451847, 0.318295, 0.926726, 0.24844, 0.54584, -0.297898, 0.742696,
 0.515841, -0.256544, 0.948282, -0.27541, 0.532741, 0.334645, 0.726879,
 0.479436, -0.226517, 0.938997, 0.334645, 0.726879, 0.27541, -0.532741,
 0.479436, 0.226517, 0.938997, -0.27541, -0.532741, 0.334645, -0.726879,
 0.515841, 0.256544, 0.948281, 0.334645, -0.726879, 0.27541, 0.532741,
 0.487006, -0.23276, 0.940927, 0.0674513, -0.934838, 0.324783, -0.126686,
 0.508271, 0.2503, 0.946351, -0.126686, 0.324783, -0.934838, 0.0674513,
 -0.0282159, 0.00517696, 0.272424, 1, 0, 0, 0,
 0, 0, 0, 1, 0, 0, 0,
 -0.29, 0, 0.851, 1, 0, 0, 0,
 0.21838, 0.225407, 0.180919, 1, 0, 0, 0,
 0.224225, 0.270791, 0.0789213, 1, 0, 0, 0,
 0.224225, 0.172791, 0.0789213, 1, 0, 0, 0,
 0.21838, -0.223793, 0.180919, 1, 0, 0, 0,
 0.224225, -0.178409, 0.0789213, 1, 0, 0, 0,
 0.224225, -0.276409, 0.0789213, 1, 0, 0, 0,
 -0.23082, 0.225407, 0.180919, 1, 0, 0, 0,
 -0.224975, 0.270791, 0.0789213, 1, 0, 0, 0,
 -0.224975, 0.172791, 0.0789213, 1, 0, 0, 0,
 -0.23082, -0.223793, 0.180919, 1, 0, 0, 0,
 -0.224975, -0.178409, 0.0789213, 1, 0, 0, 0,
 -0.224975, -0.276409, 0.0789213, 1, 0, 0, 0,
 -0.116563, -0.00108579, 1.01135, -1, 0, 0, -0,
 -0.026643, 0.000777182, 1.26448, -1, 0, 0, -0,
 0.03954, 0.00096181, 1.36052, 0.980067, 0, 0.198669, 0,
 0.0474159, 1.43584e-08, 1.3225, 0.980067, 0, 0.198669, 0,
 0.0474159, 1.43584e-08, 1.3225, 0.980067, 0, 0.198669, 0,
 0.0479407, 8.16945e-09, 1.34942, 0.980067, 0, 0.198669, 0,
 -0.0538428, 0.00394506, 1.57636, 0.980067, 0, 0.198669, 0,
 -0.0208361, 0.0124999, 1.5983, 0.980067, 0, 0.198669, 0,
 -0.0208361, -0.0175001, 1.5983, 0.980067, 0, 0.198669, 0,
 -0.0524158, 0.0124999, 1.56005, 0.980067, 0, 0.198669, 0,
 0.0472586, -0.00300578, 1.12989, 1, 0, -0, 0,
 -0.0448562, -0.191235, 0.722545, -0.877583, 0, 0, 0.479426,
 0.033844, -0.320941, 0.877835, 0.850301, 0.118612, 0.217118, -0.464522,
 0.061539, -0.361528, 0.832555, 0.803075, -0.303564, 0.413242, -0.303564,
 0.144326, -0.497476, 0.743806, 0.803075, -0.303564, 0.413242, -0.303564,
 0.244854, -0.51539, 0.746781, -0.285995, 0.839705, 0.393399, 0.24154,
 0.210596, -0.556788, 0.714328, -0.781635, 0.419457, 0.452489, -0.0914241,
 0.318984, -0.452781, 0.833042, -0.285995, 0.839705, 0.393399, 0.24154,
 0.376423, -0.402433, 0.902914, 0.179776, -0.873359, -0.451926, -0.0262847,
 0.417531, -0.34752, 0.916464, -0.0418855, -0.890686, -0.431374, -0.137276,
 0.451216, -0.303233, 0.927257, -0.0418855, -0.890686, -0.431374, -0.137276,
 0.39889, -0.372037, 0.908767, -0.0418855, -0.890686, -0.431374, -0.137276,
 0.493236, -0.291834, 0.940276, 0.0349722, 0.911133, 0.386319, 0.139198,
 0.45184, -0.257573, 0.929275, -0.868013, 0.0486941, 0.135011, -0.475351,
 0.521172, -0.250676, 0.950242, -0.0418855, -0.890686, -0.431374, -0.137276,
 0.483703, -0.219702, 0.940425, 0.890686, -0.0418855, -0.137276, 0.431374,
 -0.0491989, 0.194023, 0.722545, -0.877583, 0, 0, -0.479426,
 0.0359917, 0.319562, 0.877835, 0.850301, -0.118612, 0.217118, 0.464522,
 0.0614936, 0.361649, 0.832696, 0.803075, 0.303564, 0.413242, 0.303564,
 0.144615, 0.496706, 0.742906, 0.803075, 0.303564, 0.413242, 0.303564,
 0.245654, 0.515918, 0.746491, -0.285995, -0.839705, 0.393399, -0.24154,
 0.210883, 0.556023, 0.713434, -0.781635, -0.419457, 0.452489, 0.0914241,
 0.317879, 0.452053, 0.833444, -0.285995, -0.839705, 0.393399, -0.24154,
 0.376795, 0.402679, 0.902779, 0.179776, 0.873359, -0.451926, 0.0262847,
 0.417092, 0.347158, 0.916352, -0.0418855, 0.890686, -0.431374, 0.137276,
 0.450881, 0.302957, 0.927172, -0.0418855, 0.890686, -0.431374, 0.137276,
 0.39889, 0.372037, 0.908767, -0.0418855, 0.890686, -0.431374, 0.137276,
 0.45172, 0.257591, 0.929687, 0.0486941, -0.868013, 0.475351, -0.135011,
 0.493356, 0.291815, 0.939863, 0.911133, 0.0349722, -0.139198, -0.386319,
 0.483632, 0.219713, 0.940668, -0.0418855, 0.890686, -0.431374, 0.137276,
 0.521242, 0.250665, 0.949999, -0.890686, -0.0418855, 0.137276, 0.431374,
 0, 0, 0.18, 1, 0, 0, 0,
 -0.13, 0, 0.55, 1, 0, 0, 0,
 0.108979, -0.435596, 0.78456, 0.803075, -0.303564, 0.413242, -0.303564,
 0.31419, -0.457802, 0.831344, -0.29955, 0.830764, 0.383179, 0.270698,
 0.469707, -0.278444, 0.933776, -0.0418855, -0.890686, -0.431374, -0.137276,
 0.108979, 0.435596, 0.78456, 0.803075, 0.303564, 0.413242, 0.303564,
 0.31419, 0.457802, 0.831344, -0.29955, -0.830764, 0.383179, -0.270698,
 0.469707, 0.278444, 0.933776, -0.0418855, 0.890686, -0.431374, 0.137276,
 0.508271, 0.2503, 0.946351, 0.0418855, -0.890686, 0.431374, -0.137276,
 0.487006, -0.23276, 0.940927, 0.0418855, 0.890686, 0.431374, 0.137276,
 0.404791, -0.364237, 0.910851, -0.579725, -0.753368, 0.191417, 0.244376,
 0.404791, 0.364237, 0.910851, 0.031525, 0.437371, -0.64258, -0.628336,
 0, 0, 0, 1, 0, 0, 0,
 0.15, 0, 0.890675, 1, 0, -1.11022e-16, 0,
 0.121345, 4.95118e-08, 1.3515, -0.589368, -0.390699, 0.390699, 0.589368,
 0.55, 0, 0.790675, 0.707107, 5.55112e-17, -5.55112e-17, -0.707107,
 0.093713, 3.09449e-08, 1.36318, 0.390699, -0.589368, 0.589368, -0.390699,
 -0.0208361, -0.0175001, 1.5983, 0.589368, 0.390699, -0.390699, -0.589368,
 0.0472586, -0.00300578, 1.12989, 0.5, -0.5, 0.5, -0.5,
 0.505116, -0.231648, 0.94628, 0.140075, -0.319237, -0.708725, 0.613335,
 0.505116, 0.231648, 0.94628, -0.613335, 0.708725, 0.319237, -0.140075,
 0, 0, 0, 1, 0, 0, 0,
 -0.0500001, 0, 0.890675, 0.707107, 0, -0.707107, 0,
 -0.05, 0, 0.790675, 0.707107, 0, -0.707107, 0,
 -0.0670703, 0, 1.27213, 0.707107, 0, -0.707107, 0,
 -0.0670703, 0, 1.27213, 0.707107, 0, -0.707107, 0,
 0.0489299, 0, 1.11768, -0.707107, 0, 0, -0.707107,
 0.0489299, 0, 1.11768, -0.707107, 0, 0, -0.707107,
 -0.0500001, -0.188, 0.890675, 0.620545, -0.339005, -0.620545, -0.339005,
 -0.0500001, -0.188, 0.890675, 0.707107, 0, -0.707107, 0,
 -0.0500001, 0.188, 0.890675, 0.620545, 0.339005, -0.620545, 0.339005,
 -0.0500001, 0.188, 0.890675, 0.707107, 0, -0.707107, 0,
 0.000929734, 0, 1.27213, -0.693012, -0.14048, -0.14048, -0.693012,
 0.000929734, 0, 1.27213, -0.707107, 0, 0, -0.707107,
 0.0040302, -0.272147, 0.890675, -0.92972, -0.237396, -0.069654, -0.272787,
 0.0040302, -0.272147, 0.890675, -0.95955, 0, 2.77556e-17, -0.28154,
 0.0040302, 0.272147, 0.890675, -0.272787, -0.069654, -0.237396, -0.92972,
 0.0040302, 0.272147, 0.890675, -0.28154, -5.55112e-17, 0, -0.95955,
 0.0040302, -0.272147, 0.890675, 0.803075, -0.303564, 0.413242, -0.303564,
 0.0040302, -0.272147, 0.890675, 0.850301, 0.118612, 0.217118, -0.464522,
 0.0040302, 0.272147, 0.890675, 0.803075, 0.303564, 0.413242, 0.303564,
 0.0040302, 0.272147, 0.890675, 0.850301, -0.118612, 0.217118, 0.464522,
 0.193694, -0.567532, 0.698905, 0.488053, -0.616559, -0.0233568, 0.617346,
 0.193694, -0.567532, 0.698905, 0.782512, 0.0775539, 0.506859, 0.353207,
 0.193694, 0.567532, 0.698905, 0.617346, -0.0233568, -0.616559, 0.488053,
 0.193694, 0.567532, 0.698905, 0.353207, 0.506859, 0.0775539, 0.782512,
 0.193694, -0.567532, 0.698905, -0.285995, 0.839705, 0.393399, 0.24154,
 0.193694, -0.567532, 0.698905, -0.781635, 0.419457, 0.452489, -0.0914241,
 0.193694, 0.567532, 0.698905, -0.285995, -0.839705, 0.393399, -0.24154,
 0.193694, 0.567532, 0.698905, -0.781635, -0.419457, 0.452489, 0.0914241,
 0.377881, -0.399803, 0.901348, -0.145707, 0.937118, -0.297998, -0.108535,
 0.377881, -0.399803, 0.901348, -0.373024, 0.871937, -0.315586, -0.0314346,
 0.377881, 0.399803, 0.901348, -0.108535, -0.297998, 0.937118, -0.145707,
 0.377881, 0.399803, 0.901348, -0.0314346, -0.315586, 0.871937, -0.373024,
 0.377881, -0.399803, 0.901348, -0.0418855, -0.890686, -0.431374, -0.137276,
 0.377881, -0.399803, 0.901348, 0.179776, -0.873359, -0.451926, -0.0262847,
 0.377881, 0.399803, 0.901348, -0.0418855, 0.890686, -0.431374, 0.137276,
 0.377881, 0.399803, 0.901348, 0.179776, 0.873359, -0.451926, 0.0262847,
 0.451847, -0.318295, 0.926726, -0.297898, -0.742696, -0.24844, 0.54584,
 0.451847, -0.318295, 0.926726, -0.334645, -0.726879, -0.27541, 0.532741,
 0.436708, -0.305809, 0.922865, 0.301692, -0.518311, -0.370556, -0.709245,
 0.436708, -0.305809, 0.922865, 0.27541, -0.532741, -0.334645, -0.726879,
 0.436708, 0.305809, 0.922865, -0.370556, 0.709245, -0.301692, -0.518311,
 0.436708, 0.305809, 0.922865, -0.334645, 0.726879, -0.27541, -0.532741,
 0.451847, 0.318295, 0.926726, 0.24844, 0.54584, -0.297898, 0.742696,
 0.451847, 0.318295, 0.926726, 0.27541, 0.532741, -0.334645, 0.726879,
 0.515841, -0.256544, 0.948282, -0.27541, 0.532741, 0.334645, 0.726879,
 0.515841, -0.256544, 0.948282, -0.24844, 0.54584, 0.297898, 0.742696,
 0.479436, -0.226517, 0.938997, 0.334645, 0.726879, 0.27541, -0.532741,
 0.479436, -0.226517, 0.938997, 0.370556, 0.709245, 0.301692, -0.518311,
 0.479436, 0.226517, 0.938997, -0.27541, -0.532741, 0.334645, -0.726879,
 0.479436, 0.226517, 0.938997, -0.301692, -0.518311, 0.370556, -0.709245,
 0.515841, 0.256544, 0.948281, 0.334645, -0.726879, 0.27541, 0.532741,
 0.515841, 0.256544, 0.948281, 0.297898, -0.742696, 0.24844, 0.54584,
 0.487006, -0.23276, 0.940927, 0.0674513, -0.934838, 0.324783, -0.126686,
 0.479436, -0.226517, 0.938997, 0.0674513, -0.934838, 0.324783, -0.126686,
 0.508271, 0.2503, 0.946351, -0.126686, 0.324783, -0.934838, 0.0674513,
 0.515841, 0.256544, 0.948281, -0.126686, 0.324783, -0.934838, 0.0674513,
 -0.300016, 1.10001, 0.750004, -0.707108, -2.77556e-17, 2.77556e-17, -0.707108,
 -4.28751e-06, 1.15001, 0.749998, -0.707108, -8.32667e-17, 2.77556e-17, -0.707108,
 0.3, 0.85, 0.75, 0.707107, 0, 0, 0.707107,
 0.1, 1.1, 0.6, 0.707107, 0, 0, 0.707107,
 0.8, 0, 0.6, 1, 0, 0, 0,
 -0.300016, 1.10001, 0.750004, -0.707108, -2.77556e-17, 2.77556e-17, -0.707108,
 -4.28751e-06, 1.15001, 0.749998, -0.707108, -8.32667e-17, 2.77556e-17, -0.707108,
 0.3, 0.85, 0.75, 0.707107, 0, 0, 0.707107,
 ], x:[[0, 0, 0, 0.1, 0, 0, -1, 1, 0.4, 0.5, 0.5, -1, 1, -2, -2, -1.5, 1.5, -0.5, -0.5, -0.5, 0.5, 0.1, 0.1, 0.01, 0.01, 1.4787, 0.0205667, -0.522559, -0.53274, -0.726877, -0.275409, 0.334644], [0, 0, 0, 0.1, 0, 0, -1, 1, 0.4, 0.5, 0.5, -1, 1, -2, -2, -1.5, 1.5, -0.5, -0.5, -0.5, 0.5, 0.1, 0.1, 0.01, 0.01, 1.4787, 0.0205667, -0.522559, -0.53274, -0.726877, -0.275409, 0.334644, 0.153122, 0.00617394, 1.05526, 0.53274, 0.726877, -0.275409, 0.334644]], dual:[] },
QuaternionNorms:{ order:0, type:eq, feature:QuaternionNorms, vars:[1, 1] },
qItself#46:{ order:1, type:sos, feature:"qItself#46", vars:[1, 1] },
qItself#46:{ order:0, type:sos, feature:"qItself#46", vars:[1, 1] },
qZeroVel-red:{ order:1, type:eq, feature:"qZeroVel-red" },
TM_NoJumpToParent-1-red:{ order:1, type:eq, feature:"TM_NoJumpToParent-1-red", vars:[1] },
TM_NoJumpToParent-1-green:{ order:1, type:eq, feature:"TM_NoJumpToParent-1-green", vars:[0, 1] },
PairCollision-pr2L-green:{ order:0, type:eq, feature:"PairCollision-pr2L-green", vars:[0, 1] },
ProxyCost:{ order:0, type:sos, feature:ProxyCost, vars:[1, 1] }}KOMO_run_log: [
{ lagrangianQuery: True, errors: [0.332986, 0, 73.6706] },
{ lineSearch: 0, alpha: 1, beta: 1, f_x: 8474.13, f_y: 5195.67, wolfe: 1, accept: True },
{ newton: 1, evaluations: 2, f_x: 5195.67, alpha: 1.5 },
{ lagrangianQuery: True, errors: [0.168743, 0, 53.3328] },
{ lineSearch: 0, alpha: 1, beta: 1, f_x: 5195.67, f_y: 2697.74, wolfe: 1, accept: True },
{ newton: 2, evaluations: 3, f_x: 2697.74, alpha: 1.5 },
{ lagrangianQuery: True, errors: [2.77674, 0, 33.6361] },
{ lineSearch: 0, alpha: 1, beta: 1, f_x: 2697.74, f_y: 1051.81, wolfe: 1, accept: True },
{ newton: 3, evaluations: 4, f_x: 1051.81, alpha: 1.5 },
{ lagrangianQuery: True, errors: [2.77498, 0, 21.2965] },
{ lineSearch: 0, alpha: 1, beta: 1, f_x: 1051.81, f_y: 414.684, wolfe: 1, accept: True },
{ newton: 4, evaluations: 5, f_x: 414.684, alpha: 1.5 },
{ lagrangianQuery: True, errors: [0.488177, 0, 11.9467] },
{ lineSearch: 0, alpha: 1, beta: 1, f_x: 414.684, f_y: 121.265, wolfe: 1, accept: True },
{ newton: 5, evaluations: 6, f_x: 121.265, alpha: 1.5 },
{ lagrangianQuery: True, errors: [0.28689, 0, 1.08001] },
{ lineSearch: 0, alpha: 1, beta: 1, f_x: 121.265, f_y: 0.934157, wolfe: 1, accept: True },
{ newton: 6, evaluations: 7, f_x: 0.934157, alpha: 1.5 },
{ lagrangianQuery: True, errors: [0.00510346, 0, 2.38979] },
{ lineSearch: 0, alpha: 1, beta: 1, f_x: 0.934157, f_y: 5.55675, wolfe: 0, accept: False },
{ lagrangianQuery: True, errors: [0.0680595, 0, 1.20842] },
{ lineSearch: 1, alpha: 0.5, beta: 1, f_x: 0.934157, f_y: 1.19143, wolfe: 0, accept: False },
{ lagrangianQuery: True, errors: [0.159207, 0, 0.979413] },
{ lineSearch: 2, alpha: 0.25, beta: 1, f_x: 0.934157, f_y: 0.750945, wolfe: 1, accept: True },
{ newton: 7, evaluations: 10, f_x: 0.750945, alpha: 0.375 },
{ lagrangianQuery: True, errors: [0.0631782, 0, 0.970649] },
{ lineSearch: 0, alpha: 0.375, beta: 1, f_x: 0.750945, f_y: 0.760417, wolfe: 0, accept: False },
{ lagrangianQuery: True, errors: [0.105938, 0, 0.88516] },
{ lineSearch: 1, alpha: 0.1875, beta: 1, f_x: 0.750945, f_y: 0.614612, wolfe: 1, accept: True },
{ newton: 8, evaluations: 12, f_x: 0.614612, alpha: 0.28125 },
{ lagrangianQuery: True, errors: [0.0557716, 0, 0.856762] },
{ lineSearch: 0, alpha: 0.28125, beta: 1, f_x: 0.614612, f_y: 0.590545, wolfe: 1, accept: True },
{ newton: 9, evaluations: 13, f_x: 0.590545, alpha: 0.421875 },
{ lagrangianQuery: True, errors: [0.0200661, 0, 0.615056] },
{ lineSearch: 0, alpha: 0.421875, beta: 1, f_x: 0.590545, f_y: 0.313059, wolfe: 1, accept: True },
{ newton: 10, evaluations: 14, f_x: 0.313059, alpha: 0.632812 },
{ lagrangianQuery: True, errors: [0.0125626, 0, 0.233339] },
{ lineSearch: 0, alpha: 0.632812, beta: 1, f_x: 0.313059, f_y: 0.0549423, wolfe: 1, accept: True },
{ newton: 11, evaluations: 15, f_x: 0.0549423, alpha: 0.949219 },
{ lagrangianQuery: True, errors: [0.00513822, 0, 0.629423] },
{ lineSearch: 0, alpha: 0.949219, beta: 1, f_x: 0.0549423, f_y: 0.373791, wolfe: 0, accept: False },
{ lagrangianQuery: True, errors: [0.00869335, 0, 0.401615] },
{ lineSearch: 1, alpha: 0.474609, beta: 1, f_x: 0.0549423, f_y: 0.154334, wolfe: 0, accept: False },
{ lagrangianQuery: True, errors: [0.0106185, 0, 0.305798] },
{ lineSearch: 2, alpha: 0.237305, beta: 1, f_x: 0.0549423, f_y: 0.0908666, wolfe: 0, accept: False },
{ lagrangianQuery: True, errors: [0.0115916, 0, 0.262443] },
{ lineSearch: 3, alpha: 0.118652, beta: 1, f_x: 0.0549423, f_y: 0.0680904, wolfe: 0, accept: False },
{ lagrangianQuery: True, errors: [0.0120778, 0, 0.241844] },
{ lineSearch: 4, alpha: 0.0593262, beta: 1, f_x: 0.0549423, f_y: 0.0586477, wolfe: 0, accept: False },
{ lagrangianQuery: True, errors: [0.0123204, 0, 0.232693] },
{ lineSearch: 5, alpha: 0.0296631, beta: 1, f_x: 0.0549423, f_y: 0.0547385, wolfe: 1, accept: True },
{ newton: 12, evaluations: 21, f_x: 0.0547385, alpha: 0.0444946 },
{ lagrangianQuery: True, errors: [0.0123732, 0, 0.225136] },
{ lineSearch: 0, alpha: 0.0444946, beta: 1, f_x: 0.0547385, f_y: 0.0522044, wolfe: 1, accept: True },
{ newton: 13, evaluations: 22, f_x: 0.0522044, alpha: 0.0667419 },
{ lagrangianQuery: True, errors: [0.0125337, 0, 0.210791] },
{ lineSearch: 0, alpha: 0.0667419, beta: 1, f_x: 0.0522044, f_y: 0.0475121, wolfe: 1, accept: True },
{ newton: 14, evaluations: 23, f_x: 0.0475121, alpha: 0.100113 },
{ lagrangianQuery: True, errors: [0.0127517, 0, 0.190704] },
{ lineSearch: 0, alpha: 0.100113, beta: 1, f_x: 0.0475121, f_y: 0.0414652, wolfe: 1, accept: True },
{ newton: 15, evaluations: 24, f_x: 0.0414652, alpha: 0.150169 },
{ lagrangianQuery: True, errors: [0.0130292, 0, 0.164028] },
{ lineSearch: 0, alpha: 0.150169, beta: 1, f_x: 0.0414652, f_y: 0.0342655, wolfe: 1, accept: True },
{ newton: 16, evaluations: 25, f_x: 0.0342655, alpha: 0.225254 },
{ lagrangianQuery: True, errors: [0.0130292, 0, 0.164028] },
{ optConstraint: 1, mu: 5, nu: 5, L_x_beforeUpdate: 0.0342655, L_x_afterUpdate: 0.161683, errors: [0.0130292, 0, 0.164028], lambda: [1.57356e-05, 0, 0, 0, 0, 0, 0, 0, 0, 0, 0, 0, 0, 0, 0, 0, 0, 0, 0, 0, 0, 0, 0, 0, 0, 0, 0, 0, 0, 0, 0, 0, 0, 0, 0, 0, 0, 0, 0, 0, 0, 0, 0, 0, 0, 0, 0, 0, 0, 0, 0, 1.4461e-05, 1.34493e-05, -8.7532e-06, 3.71339e-05, 1.66133e-07, 1.08262e-06, 4.46994e-06, 0, -4.64288e-06, 0.00902271, 0, 0, 0, 0, 0, 0, 0, 0, 0, 0, 0, 0, 0, 0, 0, 0, 0, 0, 0, 0, 0, 0, 0, 0, 0, 0, 0, 0, 0, 0, 0, 0, 0, 0, 0, 0, 0, 0, 0, 0, 0, 0, 0, 0, 0, 0, 0, 0, 0, 0, 0.00424188, -0.00925746, -0.00946173, 3.67756e-05, -0.000444892, 0.00365532, -0.000878135, -0.290957, 0] },
{ lagrangianQuery: True, errors: [0.0135249, 0, 0.12062] },
{ lineSearch: 0, alpha: 0.225254, beta: 1, f_x: 0.161683, f_y: 0.102065, wolfe: 1, accept: True },
{ newton: 17, evaluations: 26, f_x: 0.102065, alpha: 0.337881 },
{ lagrangianQuery: True, errors: [0.0137832, 0, 0.0809285] },
{ lineSearch: 0, alpha: 0.337881, beta: 1, f_x: 0.102065, f_y: 0.0610053, wolfe: 1, accept: True },
{ newton: 18, evaluations: 27, f_x: 0.0610053, alpha: 0.506822 },
{ lagrangianQuery: True, errors: [0.0141296, 0, 0.0261523] },
{ lineSearch: 0, alpha: 0.506822, beta: 1, f_x: 0.0610053, f_y: 0.0232029, wolfe: 1, accept: True },
{ newton: 19, evaluations: 28, f_x: 0.0232029, alpha: 0.760232 },
{ lagrangianQuery: True, errors: [0.0138316, 0, 0.0178243] },
{ lineSearch: 0, alpha: 0.760232, beta: 1, f_x: 0.0232029, f_y: 0.0107764, wolfe: 1, accept: True },
{ newton: 20, evaluations: 29, f_x: 0.0107764, alpha: 1.14035 },
{ lagrangianQuery: True, errors: [0.0127118, 0, 0.0301762] },
{ lineSearch: 0, alpha: 1, beta: 1, f_x: 0.0107764, f_y: 0.00861566, wolfe: 1, accept: True },
{ newton: 21, evaluations: 30, f_x: 0.00861566, alpha: 1.5 },
{ lagrangianQuery: True, errors: [0.0127118, 0, 0.0301762] },
{ optConstraint: 2, mu: 25, nu: 25, L_x_beforeUpdate: 0.00861566, L_x_afterUpdate: 0.026618, errors: [0.0127118, 0, 0.0301762], lambda: [4.01201e-07, 0, 0, 0, 0, 0, 0, 0, 0, 0, 0, 0, 0, 0, 0, 0, 0, 0, 0, 0, 0, 0, 0, 0, 0, 0, 0, 0, 0, 0, 0, 0, 0, 0, 0, 0, 0, 0, 0, 0, 0, 0, 0, 0, 0, 0, 0, 0, 0, 0, 0, 4.21763e-05, 1.10244e-05, 9.32869e-08, 0.000222803, -2.29569e-06, -1.74675e-06, 1.10667e-05, 0, -4.74586e-09, 0.010124, 0, 0, 0, 0, 0, 0, 0, 0, 0, 0, 0, 0, 0, 0, 0, 0, 0, 0, 0, 0, 0, 0, 0, 0, 0, 0, 0, 0, 0, 0, 0, 0, 0, 0, 0, 0, 0, 0, 0, 0, 0, 0, 0, 0, 0, 0, 0, 0, 0, 0, 0.0081511, 0.0167258, -0.00201642, 0.000221036, -0.00213463, 0.00193299, 0.0157368, -0.048102, 0] },
{ lagrangianQuery: True, errors: [0.0110099, 0, 0.00655954] },
{ lineSearch: 0, alpha: 1, beta: 1, f_x: 0.026618, f_y: 0.0113972, wolfe: 1, accept: True },
{ newton: 22, evaluations: 31, f_x: 0.0113972, alpha: 1.5 },
{ lagrangianQuery: True, errors: [0.00998907, 0, 0.0156872] },
{ lineSearch: 0, alpha: 1, beta: 1, f_x: 0.0113972, f_y: 0.0143503, wolfe: 0, accept: False },
{ lagrangianQuery: True, errors: [0.0105045, 0, 0.00646526] },
{ lineSearch: 1, alpha: 0.5, beta: 1, f_x: 0.0113972, f_y: 0.011107, wolfe: 1, accept: True },
{ newton: 23, evaluations: 33, f_x: 0.011107, alpha: 0.75 },
{ lagrangianQuery: True, errors: [0.00843201, 0, 0.220882] },
{ lineSearch: 0, alpha: 0.75, beta: 1, f_x: 0.011107, f_y: 1.17936, wolfe: 0, accept: False },
{ lagrangianQuery: True, errors: [0.00944196, 0, 0.047831] },
{ lineSearch: 1, alpha: 0.375, beta: 1, f_x: 0.011107, f_y: 0.0647654, wolfe: 0, accept: False },
{ lagrangianQuery: True, errors: [0.00996685, 0, 0.0251537] },
{ lineSearch: 2, alpha: 0.1875, beta: 1, f_x: 0.011107, f_y: 0.0247505, wolfe: 0, accept: False },
{ lagrangianQuery: True, errors: [0.0102341, 0, 0.0147314] },
{ lineSearch: 3, alpha: 0.09375, beta: 1, f_x: 0.011107, f_y: 0.0147619, wolfe: 0, accept: False },
{ lagrangianQuery: True, errors: [0.0103689, 0, 0.00952128] },
{ lineSearch: 4, alpha: 0.046875, beta: 1, f_x: 0.011107, f_y: 0.0119995, wolfe: 0, accept: False },
{ newton: 24, evaluations: 38, f_x: 0.011107, alpha: 0.0234375 },
{ lagrangianQuery: True, errors: [0.0104366, 0, 0.00717989] },
{ lineSearch: 0, alpha: 0.0234375, beta: 1, f_x: 0.011107, f_y: 0.0112439, wolfe: 0, accept: False },
{ newton: 25, evaluations: 39, f_x: 0.011107, alpha: 0.0117188 },
{ lagrangianQuery: True, errors: [0.0104705, 0, 0.00659519] },
{ lineSearch: 0, alpha: 0.0117188, beta: 1, f_x: 0.011107, f_y: 0.0111139, wolfe: 0, accept: False },
{ newton: 26, evaluations: 40, f_x: 0.011107, alpha: 0.00585938 },
{ lagrangianQuery: True, errors: [0.0104875, 0, 0.00647337] },
{ lineSearch: 0, alpha: 0.00585938, beta: 1, f_x: 0.011107, f_y: 0.0110965, wolfe: 1, accept: True },
{ newton: 27, evaluations: 41, f_x: 0.0110965, alpha: 0.00878906 },
{ lagrangianQuery: True, errors: [0.0104672, 0, 0.0064946] },
{ lineSearch: 0, alpha: 0.00878906, beta: 1, f_x: 0.0110965, f_y: 0.0110883, wolfe: 1, accept: True },
{ newton: 28, evaluations: 42, f_x: 0.0110883, alpha: 0.0131836 },
{ lagrangianQuery: True, errors: [0.010445, 0, 0.00650763] },
{ lineSearch: 0, alpha: 0.0131836, beta: 1, f_x: 0.0110883, f_y: 0.0110798, wolfe: 1, accept: True },
{ newton: 29, evaluations: 43, f_x: 0.0110798, alpha: 0.0197754 },
{ lagrangianQuery: True, errors: [0.010445, 0, 0.00650763] },
{ optConstraint: 3, mu: 125, nu: 125, L_x_beforeUpdate: 0.0110798, L_x_afterUpdate: 0.0135856, errors: [0.010445, 0, 0.00650763], lambda: [1.39406e-06, 0, 0, 0, 0, 0, 0, 0, 0, 0, 0, 0, 0, 0, 0, 0, 0, 0, 0, 0, 0, 0, 0, 0, 0, 0, 0, 0, 0, 0, 0, 0, 0, 0, 0, 0, 0, 0, 0, 0, 0, 0, 0, 0, 0, 0, 0, 0, 0, 0, 0, 6.23261e-05, -6.17341e-06, 7.05586e-06, 0.00115115, -5.31061e-07, -3.64288e-06, 1.17472e-05, 0, 6.2634e-09, 0.0297448, 0, 0, 0, 0, 0, 0, 0, 0, 0, 0, 0, 0, 0, 0, 0, 0, 0, 0, 0, 0, 0, 0, 0, 0, 0, 0, 0, 0, 0, 0, 0, 0, 0, 0, 0, 0, 0, 0, 0, 0, 0, 0, 0, 0, 0, 0, 0, 0, 0, 0, 0.023825, 0.0510376, 0.00685966, 0.00114818, 0.00629852, 0.00900359, 0.0485617, -0.244767, 0] },
{ lagrangianQuery: True, errors: [0.0104222, 0, 0.00644633] },
{ lineSearch: 0, alpha: 0.0197754, beta: 1, f_x: 0.0135856, f_y: 0.0135564, wolfe: 1, accept: True },
{ newton: 30, evaluations: 44, f_x: 0.0135564, alpha: 0.0296631 },
{ lagrangianQuery: True, errors: [0.0103949, 0, 0.00623971] },
{ lineSearch: 0, alpha: 0.0296631, beta: 1, f_x: 0.0135564, f_y: 0.0133764, wolfe: 1, accept: True },
{ newton: 31, evaluations: 45, f_x: 0.0133764, alpha: 0.0444946 },
{ lagrangianQuery: True, errors: [0.0103554, 0, 0.00590438] },
{ lineSearch: 0, alpha: 0.0444946, beta: 1, f_x: 0.0133764, f_y: 0.0130776, wolfe: 1, accept: True },
{ newton: 32, evaluations: 46, f_x: 0.0130776, alpha: 0.0667419 },
{ lagrangianQuery: True, errors: [0.0102962, 0, 0.00543428] },
{ lineSearch: 0, alpha: 0.0667419, beta: 1, f_x: 0.0130776, f_y: 0.0126721, wolfe: 1, accept: True },
{ newton: 33, evaluations: 47, f_x: 0.0126721, alpha: 0.100113 },
{ lagrangianQuery: True, errors: [0.0102075, 0, 0.00479968] },
{ lineSearch: 0, alpha: 0.100113, beta: 1, f_x: 0.0126721, f_y: 0.0121477, wolfe: 1, accept: True },
{ newton: 34, evaluations: 48, f_x: 0.0121477, alpha: 0.150169 },

] #end of KOMO_run_log
