env 005:   006  007  030  021  027  033  045  052  061  062  067  068  071  004  051  054  001    |   11   13   14   09  
env 007:   006  055  020  021  027  033  045  052  061  062  067  068  071  004  051  054  001    |   01   03   04   15  
env 009:   006  007  012  030  021  027  032  045  052  061  062  067  068  071  004  051  054  001    |   11   13   14   09  
env 011:   006  007  012  020  027  032  045  052  057  067  068  071  004  051  054  001    |   06   07   10   05  
env 015:   006  007  055  020  021  027  032  045  052  061  062  067  068  071  004  051  054  001    |   01   03   04   15  
env 017:   006  007  012  020  021  027  032  045  052  061  062  067  068  071  004  051  054  001    |   11   13   14   09  
env 021:   006  007  012  020  032  045  052  061  057  067  068  071  004  051  054  001    |   01   02   04   15  
env 023:   006  008  012  020  011  033  045  052  061  062  067  068  071  004  051  054  001    |   06   08   10   05  
env 026:   006  007  012  020  021  027  032  045  052  057  067  068  071  004  051  054  001    |   01   03   04   15  
env 030:   006  008  020  021  027  033  045  052  061  062  067  068  071  004  051  054  001    |   06   08   10   05  
env 031:   006  008  020  021  027  032  045  052  061  062  067  068  071  004  051  054  001    |   06   08   10   05  
env 036:   006  008  030  021  027  033  045  052  061  062  067  068  071  004  051  059  001    |   06   08   10   05  
env 037:   006  007  055  020  021  027  033  045  052  061  062  067  068  071  004  051  054  001    |   11   12   14   09  
env 041:   006  007  020  021  027  032  045  052  061  062  067  068  071  004  051  059  001    |   11   12   14   09  
env 045:   006  007  030  021  027  032  052  061  062  067  068  071  004  051  059  001    |   01   03   04   15  
env 047:   006  007  012  030  021  027  032  045  052  062  067  068  071  004  051  054  001    |   06   07   10   05  
env 052:   006  007  012  020  021  027  032  045  062  067  068  071  004  051  054  001    |   11   12   14   09  
env 053:   006  007  012  020  021  027  032  045  052  062  067  068  071  004  051  054  001    |   11   12   14   09  
env 055:   006  007  012  020  021  027  032  045  052  061  057  067  068  071  004  051  054  001    |   01   03   04   15  
env 061:   006  007  012  030  021  027  032  045  052  062  067  068  071  004  051  054  001    |   06   07   10   05  
env 062:   006  008  012  030  021  027  032  045  052  061  067  068  071  004  051  054  001    |   01   03   04   15  
env 067:   006  008  012  020  021  032  045  052  061  057  068  071  004  051  054  001    |   01   02   04   15  
env 069:   006  008  012  020  011  032  045  052  061  062  067  068  071  004  051  054  001    |   11   13   14   09  
env 070:   006  007  012  020  021  032  045  052  061  062  067  068  071  004  051  054  001    |   06   07   10   05  
env 074:   006  007  012  020  021  032  045  052  061  062  067  068  071  004  051  054  001    |   06   08   10   05  
env 076:   006  007  012  020  021  018  033  045  052  061  062  067  068  071  004  051  054  001    |   01   02   04   15  
env 079:   006  008  012  020  021  018  032  045  052  061  062  067  068  071  004  051  059  001    |   11   13   14   09  
env 085:   006  007  012  020  021  027  032  045  052  061  062  067  068  071  004  051  054  001    |   06   08   10   05  
env 086:   006  007  012  020  011  027  033  045  052  061  062  067  068  071  004  051  059  001    |   06   08   10   05  
env 087:   006  007  012  020  011  027  032  045  052  061  062  067  068  071  004  051  059  001    |   06   08   10   05  
env 092:   006  007  012  020  021  027  032  045  052  062  067  068  071  004  051  054  001    |   11   12   14   09  
env 098:   006  007  012  020  021  027  032  045  052  062  067  068  071  004  051  054  001    |   01   02   04   15  
env 099:   006  007  012  020  021  027  032  045  052  062  067  068  071  004  051  054  001    |   11   12   14   09  
env 006:   007  012  030  021  027  032  045  052  023  057  067  068  071  004  051  054  001    |   11   12   14   09  
env 014:   006  007  012  030  021  027  032  045  052  057  067  068  071  004  051  054  001    |   06   07   10   05  
env 027:   006  007  020  021  033  045  052  061  062  067  068  071  004  051  054  001    |   06   08   10   05  
env 028:   006  008  030  021  027  032  045  052  061  062  067  068  071  004  051  054  001    |   11   13   14   09  
env 044:   006  007  055  020  021  027  032  045  052  061  062  067  068  071  004  051  054  001    |   01   03   04   15  
env 049:   006  007  012  020  021  027  032  045  052  062  067  068  071  004  051  054  001    |   01   03   04   15  
env 060:   006  007  012  030  021  027  032  045  052  061  062  067  068  071  004  051  054  001    |   11   13   14   09  
env 071:   006  007  012  020  021  056  032  045  052  061  057  067  068  004  051  054  001    |   06   07   10   05  
env 077:   006  007  012  020  011  018  033  045  052  061  062  067  068  071  004  051  054  001    |   11   13   14   09  
env 084:   006  007  012  020  021  027  033  045  052  061  062  067  068  071  004  051  054  001    |   06   08   10   05  
env 095:   006  007  012  020  011  027  032  045  052  057  067  068  071  004  051  054  001    |   06   07   10   05  
