SKELETON:
  initial (pr2R) from 0 to 1
  initial (pr2L) from 0 to 1
  initial (red) from 0 to 1
  initial (green) from 0 to 1
  initial (blue) from 0 to 1
  initial (table1) from 0 to 1
  initial (table2) from 0 to 1
  touch (pr2R green) from 1 to 1
  stable (pr2R green) from 1 to 1
SWITCHES:
  START  -->  stable (pr2R green) from 1 to 1
KOMO Problem:
  x-dim:32  dual-dim:0
  T:1 k:1 phases:1 stepsPerPhase:1 tau:10
  #configurations:2 q-dims: (0..0)25 (1..1)32
    times:[10]
  usingSwift:1
    TASK 'QuaternionNorms' ([1])  type:eq  order:0  target:[]  scale:[3]
    TASK 'qItself#46' ([1])  type:sos  order:1  target:[]  scale:[0.316228, 0.316228, 0.316228, 94.8683, 0.00316228, 0.0316228, 0.0316228, 0.0316228, 0.00316228, 0.0316228, 0.0316228, 0.0316228, 0.0316228, 0.0316228, 0.0316228, 0.0316228, 0.0316228, 0.0316228, 0.0316228, 0.0316228, 0.0316228, 0.0316228, 0.0316228, 0.0316228, 0.0316228]
    TASK 'qItself#46' ([1])  type:sos  order:0  target:[]  scale:[0.0316228]
    TASK 'TM_NoJumpToParent-1-green' ([1])  type:eq  order:1  target:[]  scale:[100]
    TASK 'PairCollision-pr2R-green' ([1])  type:eq  order:0  target:[]  scale:[100]
    TASK 'ProxyCost' ([1])  type:sos  order:0  target:[]  scale:[10]
    SWITCH  timeOfApplication=0  symbol=joint  jointType=free  fromId=105  toId=165
{KOMO_specs:{ x_dim:32, T:1, k_order:1, tau:10, useSwift, X:[
0, 0, 0, 1, 0, 0, 0,
 0, 0, 0, 1, 0, 0, 0,
 -0.0500001, 0, 0.890675, 0.707107, 0, -0.707107, 0,
 -0.0670703, 0, 1.27213, 0.707107, 0, -0.707107, 0,
 0.0489299, 0, 1.11768, -0.707107, 0, 0, -0.707107,
 -0.0500001, -0.188, 0.890675, 0.620545, -0.339005, -0.620545, -0.339005,
 -0.0500001, 0.188, 0.890675, 0.620545, 0.339005, -0.620545, 0.339005,
 0.000929734, 0, 1.27213, -0.693012, -0.14048, -0.14048, -0.693012,
 0.0040302, -0.272147, 0.890675, -0.92972, -0.237396, -0.069654, -0.272787,
 0.0040302, 0.272147, 0.890675, -0.272787, -0.069654, -0.237396, -0.92972,
 0.0040302, -0.272147, 0.890675, 0.803075, -0.303564, 0.413242, -0.303564,
 0.0040302, 0.272147, 0.890675, 0.803075, 0.303564, 0.413242, 0.303564,
 0.193694, -0.567532, 0.698905, 0.488053, -0.616559, -0.0233568, 0.617346,
 0.193694, 0.567532, 0.698905, 0.617346, -0.0233568, -0.616559, 0.488053,
 0.193694, -0.567532, 0.698905, -0.285995, 0.839705, 0.393399, 0.24154,
 0.193694, 0.567532, 0.698905, -0.285995, -0.839705, 0.393399, -0.24154,
 0.377881, -0.399803, 0.901348, -0.145707, 0.937118, -0.297998, -0.108535,
 0.377881, 0.399803, 0.901348, -0.108535, -0.297998, 0.937118, -0.145707,
 0.39889, -0.372037, 0.908767, -0.0418855, -0.890686, -0.431374, -0.137276,
 0.39889, 0.372037, 0.908767, -0.0418855, 0.890686, -0.431374, 0.137276,
 0.451847, -0.318295, 0.926726, -0.297898, -0.742696, -0.24844, 0.54584,
 0.436708, -0.305809, 0.922865, 0.301692, -0.518311, -0.370556, -0.709245,
 0.436708, 0.305809, 0.922865, -0.370556, 0.709245, -0.301692, -0.518311,
 0.451847, 0.318295, 0.926726, 0.24844, 0.54584, -0.297898, 0.742696,
 0.515841, -0.256544, 0.948282, -0.27541, 0.532741, 0.334645, 0.726879,
 0.479436, -0.226517, 0.938997, 0.334645, 0.726879, 0.27541, -0.532741,
 0.479436, 0.226517, 0.938997, -0.27541, -0.532741, 0.334645, -0.726879,
 0.515841, 0.256544, 0.948281, 0.334645, -0.726879, 0.27541, 0.532741,
 0.487006, -0.23276, 0.940927, 0.0674513, -0.934838, 0.324783, -0.126686,
 0.508271, 0.2503, 0.946351, -0.126686, 0.324783, -0.934838, 0.0674513,
 -0.0282159, 0.00517696, 0.272424, 1, 0, 0, 0,
 0, 0, 0, 1, 0, 0, 0,
 -0.29, 0, 0.851, 1, 0, 0, 0,
 0.21838, 0.225407, 0.180919, 1, 0, 0, 0,
 0.224225, 0.270791, 0.0789213, 1, 0, 0, 0,
 0.224225, 0.172791, 0.0789213, 1, 0, 0, 0,
 0.21838, -0.223793, 0.180919, 1, 0, 0, 0,
 0.224225, -0.178409, 0.0789213, 1, 0, 0, 0,
 0.224225, -0.276409, 0.0789213, 1, 0, 0, 0,
 -0.23082, 0.225407, 0.180919, 1, 0, 0, 0,
 -0.224975, 0.270791, 0.0789213, 1, 0, 0, 0,
 -0.224975, 0.172791, 0.0789213, 1, 0, 0, 0,
 -0.23082, -0.223793, 0.180919, 1, 0, 0, 0,
 -0.224975, -0.178409, 0.0789213, 1, 0, 0, 0,
 -0.224975, -0.276409, 0.0789213, 1, 0, 0, 0,
 -0.116563, -0.00108579, 1.01135, -1, 0, 0, -0,
 -0.026643, 0.000777182, 1.26448, -1, 0, 0, -0,
 0.03954, 0.00096181, 1.36052, 0.980067, 0, 0.198669, 0,
 0.0474159, 1.43584e-08, 1.3225, 0.980067, 0, 0.198669, 0,
 0.0474159, 1.43584e-08, 1.3225, 0.980067, 0, 0.198669, 0,
 0.0479407, 8.16945e-09, 1.34942, 0.980067, 0, 0.198669, 0,
 -0.0538428, 0.00394506, 1.57636, 0.980067, 0, 0.198669, 0,
 -0.0208361, 0.0124999, 1.5983, 0.980067, 0, 0.198669, 0,
 -0.0208361, -0.0175001, 1.5983, 0.980067, 0, 0.198669, 0,
 -0.0524158, 0.0124999, 1.56005, 0.980067, 0, 0.198669, 0,
 0.0472586, -0.00300578, 1.12989, 1, 0, -0, 0,
 -0.0448562, -0.191235, 0.722545, -0.877583, 0, 0, 0.479426,
 0.033844, -0.320941, 0.877835, 0.850301, 0.118612, 0.217118, -0.464522,
 0.061539, -0.361528, 0.832555, 0.803075, -0.303564, 0.413242, -0.303564,
 0.144326, -0.497476, 0.743806, 0.803075, -0.303564, 0.413242, -0.303564,
 0.244854, -0.51539, 0.746781, -0.285995, 0.839705, 0.393399, 0.24154,
 0.210596, -0.556788, 0.714328, -0.781635, 0.419457, 0.452489, -0.0914241,
 0.318984, -0.452781, 0.833042, -0.285995, 0.839705, 0.393399, 0.24154,
 0.376423, -0.402433, 0.902914, 0.179776, -0.873359, -0.451926, -0.0262847,
 0.417531, -0.34752, 0.916464, -0.0418855, -0.890686, -0.431374, -0.137276,
 0.451216, -0.303233, 0.927257, -0.0418855, -0.890686, -0.431374, -0.137276,
 0.39889, -0.372037, 0.908767, -0.0418855, -0.890686, -0.431374, -0.137276,
 0.493236, -0.291834, 0.940276, 0.0349722, 0.911133, 0.386319, 0.139198,
 0.45184, -0.257573, 0.929275, -0.868013, 0.0486941, 0.135011, -0.475351,
 0.521172, -0.250676, 0.950242, -0.0418855, -0.890686, -0.431374, -0.137276,
 0.483703, -0.219702, 0.940425, 0.890686, -0.0418855, -0.137276, 0.431374,
 -0.0491989, 0.194023, 0.722545, -0.877583, 0, 0, -0.479426,
 0.0359917, 0.319562, 0.877835, 0.850301, -0.118612, 0.217118, 0.464522,
 0.0614936, 0.361649, 0.832696, 0.803075, 0.303564, 0.413242, 0.303564,
 0.144615, 0.496706, 0.742906, 0.803075, 0.303564, 0.413242, 0.303564,
 0.245654, 0.515918, 0.746491, -0.285995, -0.839705, 0.393399, -0.24154,
 0.210883, 0.556023, 0.713434, -0.781635, -0.419457, 0.452489, 0.0914241,
 0.317879, 0.452053, 0.833444, -0.285995, -0.839705, 0.393399, -0.24154,
 0.376795, 0.402679, 0.902779, 0.179776, 0.873359, -0.451926, 0.0262847,
 0.417092, 0.347158, 0.916352, -0.0418855, 0.890686, -0.431374, 0.137276,
 0.450881, 0.302957, 0.927172, -0.0418855, 0.890686, -0.431374, 0.137276,
 0.39889, 0.372037, 0.908767, -0.0418855, 0.890686, -0.431374, 0.137276,
 0.45172, 0.257591, 0.929687, 0.0486941, -0.868013, 0.475351, -0.135011,
 0.493356, 0.291815, 0.939863, 0.911133, 0.0349722, -0.139198, -0.386319,
 0.483632, 0.219713, 0.940668, -0.0418855, 0.890686, -0.431374, 0.137276,
 0.521242, 0.250665, 0.949999, -0.890686, -0.0418855, 0.137276, 0.431374,
 0, 0, 0.18, 1, 0, 0, 0,
 -0.13, 0, 0.55, 1, 0, 0, 0,
 0.108979, -0.435596, 0.78456, 0.803075, -0.303564, 0.413242, -0.303564,
 0.31419, -0.457802, 0.831344, -0.29955, 0.830764, 0.383179, 0.270698,
 0.469707, -0.278444, 0.933776, -0.0418855, -0.890686, -0.431374, -0.137276,
 0.108979, 0.435596, 0.78456, 0.803075, 0.303564, 0.413242, 0.303564,
 0.31419, 0.457802, 0.831344, -0.29955, -0.830764, 0.383179, -0.270698,
 0.469707, 0.278444, 0.933776, -0.0418855, 0.890686, -0.431374, 0.137276,
 0.508271, 0.2503, 0.946351, 0.0418855, -0.890686, 0.431374, -0.137276,
 0.487006, -0.23276, 0.940927, 0.0418855, 0.890686, 0.431374, 0.137276,
 0.404791, -0.364237, 0.910851, -0.579725, -0.753368, 0.191417, 0.244376,
 0.404791, 0.364237, 0.910851, 0.031525, 0.437371, -0.64258, -0.628336,
 0, 0, 0, 1, 0, 0, 0,
 0.15, 0, 0.890675, 1, 0, -1.11022e-16, 0,
 0.121345, 4.95118e-08, 1.3515, -0.589368, -0.390699, 0.390699, 0.589368,
 0.55, 0, 0.790675, 0.707107, 5.55112e-17, -5.55112e-17, -0.707107,
 0.093713, 3.09449e-08, 1.36318, 0.390699, -0.589368, 0.589368, -0.390699,
 -0.0208361, -0.0175001, 1.5983, 0.589368, 0.390699, -0.390699, -0.589368,
 0.0472586, -0.00300578, 1.12989, 0.5, -0.5, 0.5, -0.5,
 0.505116, -0.231648, 0.94628, 0.140075, -0.319237, -0.708725, 0.613335,
 0.505116, 0.231648, 0.94628, -0.613335, 0.708725, 0.319237, -0.140075,
 0, 0, 0, 1, 0, 0, 0,
 -0.0500001, 0, 0.890675, 0.707107, 0, -0.707107, 0,
 -0.05, 0, 0.790675, 0.707107, 0, -0.707107, 0,
 -0.0670703, 0, 1.27213, 0.707107, 0, -0.707107, 0,
 -0.0670703, 0, 1.27213, 0.707107, 0, -0.707107, 0,
 0.0489299, 0, 1.11768, -0.707107, 0, 0, -0.707107,
 0.0489299, 0, 1.11768, -0.707107, 0, 0, -0.707107,
 -0.0500001, -0.188, 0.890675, 0.620545, -0.339005, -0.620545, -0.339005,
 -0.0500001, -0.188, 0.890675, 0.707107, 0, -0.707107, 0,
 -0.0500001, 0.188, 0.890675, 0.620545, 0.339005, -0.620545, 0.339005,
 -0.0500001, 0.188, 0.890675, 0.707107, 0, -0.707107, 0,
 0.000929734, 0, 1.27213, -0.693012, -0.14048, -0.14048, -0.693012,
 0.000929734, 0, 1.27213, -0.707107, 0, 0, -0.707107,
 0.0040302, -0.272147, 0.890675, -0.92972, -0.237396, -0.069654, -0.272787,
 0.0040302, -0.272147, 0.890675, -0.95955, 0, 2.77556e-17, -0.28154,
 0.0040302, 0.272147, 0.890675, -0.272787, -0.069654, -0.237396, -0.92972,
 0.0040302, 0.272147, 0.890675, -0.28154, -5.55112e-17, 0, -0.95955,
 0.0040302, -0.272147, 0.890675, 0.803075, -0.303564, 0.413242, -0.303564,
 0.0040302, -0.272147, 0.890675, 0.850301, 0.118612, 0.217118, -0.464522,
 0.0040302, 0.272147, 0.890675, 0.803075, 0.303564, 0.413242, 0.303564,
 0.0040302, 0.272147, 0.890675, 0.850301, -0.118612, 0.217118, 0.464522,
 0.193694, -0.567532, 0.698905, 0.488053, -0.616559, -0.0233568, 0.617346,
 0.193694, -0.567532, 0.698905, 0.782512, 0.0775539, 0.506859, 0.353207,
 0.193694, 0.567532, 0.698905, 0.617346, -0.0233568, -0.616559, 0.488053,
 0.193694, 0.567532, 0.698905, 0.353207, 0.506859, 0.0775539, 0.782512,
 0.193694, -0.567532, 0.698905, -0.285995, 0.839705, 0.393399, 0.24154,
 0.193694, -0.567532, 0.698905, -0.781635, 0.419457, 0.452489, -0.0914241,
 0.193694, 0.567532, 0.698905, -0.285995, -0.839705, 0.393399, -0.24154,
 0.193694, 0.567532, 0.698905, -0.781635, -0.419457, 0.452489, 0.0914241,
 0.377881, -0.399803, 0.901348, -0.145707, 0.937118, -0.297998, -0.108535,
 0.377881, -0.399803, 0.901348, -0.373024, 0.871937, -0.315586, -0.0314346,
 0.377881, 0.399803, 0.901348, -0.108535, -0.297998, 0.937118, -0.145707,
 0.377881, 0.399803, 0.901348, -0.0314346, -0.315586, 0.871937, -0.373024,
 0.377881, -0.399803, 0.901348, -0.0418855, -0.890686, -0.431374, -0.137276,
 0.377881, -0.399803, 0.901348, 0.179776, -0.873359, -0.451926, -0.0262847,
 0.377881, 0.399803, 0.901348, -0.0418855, 0.890686, -0.431374, 0.137276,
 0.377881, 0.399803, 0.901348, 0.179776, 0.873359, -0.451926, 0.0262847,
 0.451847, -0.318295, 0.926726, -0.297898, -0.742696, -0.24844, 0.54584,
 0.451847, -0.318295, 0.926726, -0.334645, -0.726879, -0.27541, 0.532741,
 0.436708, -0.305809, 0.922865, 0.301692, -0.518311, -0.370556, -0.709245,
 0.436708, -0.305809, 0.922865, 0.27541, -0.532741, -0.334645, -0.726879,
 0.436708, 0.305809, 0.922865, -0.370556, 0.709245, -0.301692, -0.518311,
 0.436708, 0.305809, 0.922865, -0.334645, 0.726879, -0.27541, -0.532741,
 0.451847, 0.318295, 0.926726, 0.24844, 0.54584, -0.297898, 0.742696,
 0.451847, 0.318295, 0.926726, 0.27541, 0.532741, -0.334645, 0.726879,
 0.515841, -0.256544, 0.948282, -0.27541, 0.532741, 0.334645, 0.726879,
 0.515841, -0.256544, 0.948282, -0.24844, 0.54584, 0.297898, 0.742696,
 0.479436, -0.226517, 0.938997, 0.334645, 0.726879, 0.27541, -0.532741,
 0.479436, -0.226517, 0.938997, 0.370556, 0.709245, 0.301692, -0.518311,
 0.479436, 0.226517, 0.938997, -0.27541, -0.532741, 0.334645, -0.726879,
 0.479436, 0.226517, 0.938997, -0.301692, -0.518311, 0.370556, -0.709245,
 0.515841, 0.256544, 0.948281, 0.334645, -0.726879, 0.27541, 0.532741,
 0.515841, 0.256544, 0.948281, 0.297898, -0.742696, 0.24844, 0.54584,
 0.487006, -0.23276, 0.940927, 0.0674513, -0.934838, 0.324783, -0.126686,
 0.479436, -0.226517, 0.938997, 0.0674513, -0.934838, 0.324783, -0.126686,
 0.508271, 0.2503, 0.946351, -0.126686, 0.324783, -0.934838, 0.0674513,
 0.515841, 0.256544, 0.948281, -0.126686, 0.324783, -0.934838, 0.0674513,
 -0.3, 1.1, 0.75, 0.707107, 0, 0, 0.707107,
 -1.1805e-05, 1.15001, 0.750006, -0.707108, -2.77556e-17, 2.77556e-17, -0.707108,
 0.3, 0.85, 0.75, 0.707107, 0, 0, 0.707107,
 0.1, 1.1, 0.6, 0.707107, 0, 0, 0.707107,
 0.8, 0, 0.6, 1, 0, 0, 0,
 -0.3, 1.1, 0.75, 0.707107, 0, 0, 0.707107,
 -1.1805e-05, 1.15001, 0.750006, -0.707108, -2.77556e-17, 2.77556e-17, -0.707108,
 0.3, 0.85, 0.75, 0.707107, 0, 0, 0.707107,
 ], x:[[0, 0, 0, 0.1, 0, 0, -1, 1, 0.4, 0.5, 0.5, -1, 1, -2, -2, -1.5, 1.5, -0.5, -0.5, -0.5, 0.5, 0.1, 0.1, 0.01, 0.01, 1.28284, 0.10696, -0.7386, -0.53274, -0.726877, -0.275409, 0.334644]], dual:[] },
QuaternionNorms:{ order:0, type:eq, feature:QuaternionNorms, vars:[1] },
qItself#46:{ order:1, type:sos, feature:"qItself#46", vars:[1] },
qItself#46:{ order:0, type:sos, feature:"qItself#46", vars:[1] },
TM_NoJumpToParent-1-green:{ order:1, type:eq, feature:"TM_NoJumpToParent-1-green", vars:[1] },
PairCollision-pr2R-green:{ order:0, type:eq, feature:"PairCollision-pr2R-green", vars:[1] },
ProxyCost:{ order:0, type:sos, feature:ProxyCost, vars:[1] }}KOMO_run_log: [
{ lagrangianQuery: True, errors: [0.37032, 0, 116.675] },
{ lineSearch: 0, alpha: 1, beta: 1, f_x: 18634, f_y: 13256.9, wolfe: 1, accept: True },
{ newton: 1, evaluations: 2, f_x: 13256.9, alpha: 1.5 },
{ lagrangianQuery: True, errors: [0.31051, 0, 95.8509] },
{ lineSearch: 0, alpha: 1, beta: 1, f_x: 13256.9, f_y: 8907.75, wolfe: 1, accept: True },
{ newton: 2, evaluations: 3, f_x: 8907.75, alpha: 1.5 },
{ lagrangianQuery: True, errors: [11.9936, 0, 73.1245] },
{ lineSearch: 0, alpha: 1, beta: 1, f_x: 8907.75, f_y: 5151.7, wolfe: 1, accept: True },
{ newton: 3, evaluations: 4, f_x: 5151.7, alpha: 1.5 },
{ lagrangianQuery: True, errors: [5.66837, 0, 62.7158] },
{ lineSearch: 0, alpha: 1, beta: 1, f_x: 5151.7, f_y: 3755.31, wolfe: 1, accept: True },
{ newton: 4, evaluations: 5, f_x: 3755.31, alpha: 1.5 },
{ lagrangianQuery: True, errors: [19.2159, 0, 48.5289] },
{ lineSearch: 0, alpha: 1, beta: 1, f_x: 3755.31, f_y: 2240.42, wolfe: 1, accept: True },
{ newton: 5, evaluations: 6, f_x: 2240.42, alpha: 1.5 },
{ lagrangianQuery: True, errors: [9.94444, 0, 32.2522] },
{ lineSearch: 0, alpha: 1, beta: 1, f_x: 2240.42, f_y: 977.461, wolfe: 1, accept: True },
{ newton: 6, evaluations: 7, f_x: 977.461, alpha: 1.5 },
{ lagrangianQuery: True, errors: [15.7794, 0, 21.2958] },
{ lineSearch: 0, alpha: 1, beta: 1, f_x: 977.461, f_y: 435.119, wolfe: 1, accept: True },
{ newton: 7, evaluations: 8, f_x: 435.119, alpha: 1.5 },
{ lagrangianQuery: True, errors: [1.93015, 0, 13.1027] },
{ lineSearch: 0, alpha: 1, beta: 1, f_x: 435.119, f_y: 162.933, wolfe: 1, accept: True },
{ newton: 8, evaluations: 9, f_x: 162.933, alpha: 1.5 },
{ lagrangianQuery: True, errors: [0.425562, 0, 0.174074] },
{ lineSearch: 0, alpha: 1, beta: 1, f_x: 162.933, f_y: 0.440926, wolfe: 1, accept: True },
{ newton: 9, evaluations: 10, f_x: 0.440926, alpha: 1.5 },
{ lagrangianQuery: True, errors: [0.00344092, 0, 0.599461] },
{ lineSearch: 0, alpha: 1, beta: 1, f_x: 0.440926, f_y: 0.290602, wolfe: 1, accept: True },
{ newton: 10, evaluations: 11, f_x: 0.290602, alpha: 1.5 },
{ lagrangianQuery: True, errors: [0.0186919, 0, 0.570966] },
{ lineSearch: 0, alpha: 1, beta: 1, f_x: 0.290602, f_y: 0.332063, wolfe: 0, accept: False },
{ lagrangianQuery: True, errors: [0.00523521, 0, 0.464744] },
{ lineSearch: 1, alpha: 0.5, beta: 1, f_x: 0.290602, f_y: 0.192696, wolfe: 1, accept: True },
{ newton: 11, evaluations: 13, f_x: 0.192696, alpha: 0.75 },
{ lagrangianQuery: True, errors: [0.00459257, 0, 0.165411] },
{ lineSearch: 0, alpha: 0.75, beta: 1, f_x: 0.192696, f_y: 0.0288179, wolfe: 1, accept: True },
{ newton: 12, evaluations: 14, f_x: 0.0288179, alpha: 1.125 },
{ lagrangianQuery: True, errors: [0.0157114, 0, 0.355437] },
{ lineSearch: 0, alpha: 1, beta: 1, f_x: 0.0288179, f_y: 0.136214, wolfe: 0, accept: False },
{ lagrangianQuery: True, errors: [0.00708941, 0, 0.203911] },
{ lineSearch: 1, alpha: 0.5, beta: 1, f_x: 0.0288179, f_y: 0.0459164, wolfe: 0, accept: False },
{ lagrangianQuery: True, errors: [0.00472953, 0, 0.156329] },
{ lineSearch: 2, alpha: 0.25, beta: 1, f_x: 0.0288179, f_y: 0.0268368, wolfe: 1, accept: True },
{ newton: 13, evaluations: 17, f_x: 0.0268368, alpha: 0.375 },
{ lagrangianQuery: True, errors: [0.00466825, 0, 0.102355] },
{ lineSearch: 0, alpha: 0.375, beta: 1, f_x: 0.0268368, f_y: 0.0141131, wolfe: 1, accept: True },
{ newton: 14, evaluations: 18, f_x: 0.0141131, alpha: 0.5625 },
{ lagrangianQuery: True, errors: [0.00466825, 0, 0.102355] },
{ optConstraint: 1, mu: 5, nu: 5, L_x_beforeUpdate: 0.0141131, L_x_afterUpdate: 0.0707821, errors: [0.00466825, 0, 0.102355], lambda: [0.000254938, 0, 0, 0, 0, 0, 0, 0, 0, 0, 0, 0, 0, 0, 0, 0, 0, 0, 0, 0, 0, 0, 0, 0, 0, 0, 0, 0, 0, 0, 0, 0, 0, 0, 0, 0, 0, 0, 0, 0, 0, 0, 0, 0, 0, 0, 0, 0, 0, 0, 0, -0.00280438, 0.00376151, 0.000153426, 3.70316e-05, 0.00125465, -0.00073713, 0.00140585, -0.194302, 0] },
{ lagrangianQuery: True, errors: [0.010737, 0, 0.121688] },
{ lineSearch: 0, alpha: 0.5625, beta: 1, f_x: 0.0707821, f_y: 0.104799, wolfe: 0, accept: False },
{ lagrangianQuery: True, errors: [0.00634132, 0, 0.101983] },
{ lineSearch: 1, alpha: 0.28125, beta: 1, f_x: 0.0707821, f_y: 0.0737545, wolfe: 0, accept: False },
{ lagrangianQuery: True, errors: [0.00490805, 0, 0.0939044] },
{ lineSearch: 2, alpha: 0.140625, beta: 1, f_x: 0.0707821, f_y: 0.0624464, wolfe: 1, accept: True },
{ newton: 15, evaluations: 21, f_x: 0.0624464, alpha: 0.210938 },
{ lagrangianQuery: True, errors: [0.00471343, 0, 0.0711468] },
{ lineSearch: 0, alpha: 0.210938, beta: 1, f_x: 0.0624464, f_y: 0.0409782, wolfe: 1, accept: True },
{ newton: 16, evaluations: 22, f_x: 0.0409782, alpha: 0.316406 },
{ lagrangianQuery: True, errors: [0.00471343, 0, 0.0711468] },
{ optConstraint: 2, mu: 25, nu: 25, L_x_beforeUpdate: 0.0409782, L_x_afterUpdate: 0.179361, errors: [0.00471343, 0, 0.0711468], lambda: [0.00113406, 0, 0, 0, 0, 0, 0, 0, 0, 0, 0, 0, 0, 0, 0, 0, 0, 0, 0, 0, 0, 0, 0, 0, 0, 0, 0, 0, 0, 0, 0, 0, 0, 0, 0, 0, 0, 0, 0, 0, 0, 0, 0, 0, 0, 0, 0, 0, 0, 0, 0, -0.0116285, 0.0153684, 4.72432e-05, 0.000222491, 0.0052, -0.00309894, 0.00597939, -0.873287, 0] },
{ lagrangianQuery: True, errors: [0.0074933, 0, 0.067503] },
{ lineSearch: 0, alpha: 0.316406, beta: 1, f_x: 0.179361, f_y: 0.171511, wolfe: 1, accept: True },
{ newton: 17, evaluations: 23, f_x: 0.171511, alpha: 0.474609 },
{ lagrangianQuery: True, errors: [0.00480049, 0, 0.0272354] },
{ lineSearch: 0, alpha: 0.474609, beta: 1, f_x: 0.171511, f_y: 0.0453488, wolfe: 1, accept: True },
{ newton: 18, evaluations: 24, f_x: 0.0453488, alpha: 0.711914 },

] #end of KOMO_run_log
