SKELETON:
  initial (pr2R) from 0 to 3
  initial (pr2L) from 0 to 3
  initial (red) from 0 to 3
  initial (green) from 0 to 3
  initial (blue) from 0 to 3
  initial (table1) from 0 to 3
  initial (table2) from 0 to 3
  touch (pr2R green) from 1 to 2
  stable (pr2R green) from 1 to 2
  touch (pr2L blue) from 2 to 3
  stable (pr2L blue) from 2 to 3
  above (green red) from 3 to 3
  stableOn (red green) from 3 to 3
  touch (pr2R green) from 3 to 3
  touch (green red) from 3 to 3
SWITCHES:
  START  -->  stable (pr2R green) from 1 to 2
  START  -->  stable (pr2L blue) from 2 to 3
  stable (pr2R green) from 1 to 2  -->  stableOn (red green) from 3 to 3
KOMO Problem:
  x-dim:74  dual-dim:0
  T:2 k:1 phases:2 stepsPerPhase:1 tau:10
  #configurations:3 q-dims: (0..0)32 (1..1)39 (2..2)35
    times:[10, 20]
  usingSwift:1
    TASK 'QuaternionNorms' ([1, 1])  type:eq  order:0  target:[]  scale:[3]
    TASK 'qItself#46' ([1, 1])  type:sos  order:1  target:[]  scale:[0.316228, 0.316228, 0.316228, 94.8683, 0.00316228, 0.0316228, 0.0316228, 0.0316228, 0.00316228, 0.0316228, 0.0316228, 0.0316228, 0.0316228, 0.0316228, 0.0316228, 0.0316228, 0.0316228, 0.0316228, 0.0316228, 0.0316228, 0.0316228, 0.0316228, 0.0316228, 0.0316228, 0.0316228]
    TASK 'qItself#46' ([1, 1])  type:sos  order:0  target:[]  scale:[0.0316228]
    TASK 'qZeroVel-green' ()  type:eq  order:1  target:[]  scale:[10]
    TASK 'TM_NoJumpToParent-1-green' ()  type:eq  order:1  target:[]  scale:[100]
    TASK 'qZeroVel-blue' ()  type:eq  order:1  target:[]  scale:[10]
    TASK 'TM_NoJumpToParent-1-blue' ([1])  type:eq  order:1  target:[]  scale:[100]
    TASK 'TM_NoJumpToParent-1-green' ([0, 1])  type:eq  order:1  target:[]  scale:[100]
    TASK 'AboveBox:green:red' ([0, 1])  type:ineq  order:0  target:[]  scale:[10]
    TASK 'PairCollision-pr2R-green' ([0, 1])  type:eq  order:0  target:[]  scale:[100]
    TASK 'PairCollision-green-red' ([0, 1])  type:eq  order:0  target:[]  scale:[100]
    TASK 'ProxyCost' ([1, 1])  type:sos  order:0  target:[]  scale:[10]
    SWITCH  timeOfApplication=-1  symbol=joint  jointType=free  fromId=105  toId=165
    SWITCH  timeOfApplication=0  symbol=joint  jointType=free  fromId=106  toId=166
    SWITCH  timeOfApplication=1  symbol=joint  jointType=transXYPhi  fromId=164  toId=165
{KOMO_specs:{ x_dim:74, T:2, k_order:1, tau:10, useSwift, X:[
0, 0, 0, 1, 0, 0, 0,
 0, 0, 0, 1, 0, 0, 0,
 -0.0500001, 0, 0.890675, 0.707107, 0, -0.707107, 0,
 -0.0670703, 0, 1.27213, 0.707107, 0, -0.707107, 0,
 0.0489299, 0, 1.11768, -0.707107, 0, 0, -0.707107,
 -0.0500001, -0.188, 0.890675, 0.620545, -0.339005, -0.620545, -0.339005,
 -0.0500001, 0.188, 0.890675, 0.620545, 0.339005, -0.620545, 0.339005,
 0.000929734, 0, 1.27213, -0.693012, -0.14048, -0.14048, -0.693012,
 0.0040302, -0.272147, 0.890675, -0.92972, -0.237396, -0.069654, -0.272787,
 0.0040302, 0.272147, 0.890675, -0.272787, -0.069654, -0.237396, -0.92972,
 0.0040302, -0.272147, 0.890675, 0.803075, -0.303564, 0.413242, -0.303564,
 0.0040302, 0.272147, 0.890675, 0.803075, 0.303564, 0.413242, 0.303564,
 0.193694, -0.567532, 0.698905, 0.488053, -0.616559, -0.0233568, 0.617346,
 0.193694, 0.567532, 0.698905, 0.617346, -0.0233568, -0.616559, 0.488053,
 0.193694, -0.567532, 0.698905, -0.285995, 0.839705, 0.393399, 0.24154,
 0.193694, 0.567532, 0.698905, -0.285995, -0.839705, 0.393399, -0.24154,
 0.377881, -0.399803, 0.901348, -0.145707, 0.937118, -0.297998, -0.108535,
 0.377881, 0.399803, 0.901348, -0.108535, -0.297998, 0.937118, -0.145707,
 0.39889, -0.372037, 0.908767, -0.0418855, -0.890686, -0.431374, -0.137276,
 0.39889, 0.372037, 0.908767, -0.0418855, 0.890686, -0.431374, 0.137276,
 0.451847, -0.318295, 0.926726, -0.297898, -0.742696, -0.24844, 0.54584,
 0.436708, -0.305809, 0.922865, 0.301692, -0.518311, -0.370556, -0.709245,
 0.436708, 0.305809, 0.922865, -0.370556, 0.709245, -0.301692, -0.518311,
 0.451847, 0.318295, 0.926726, 0.24844, 0.54584, -0.297898, 0.742696,
 0.515841, -0.256544, 0.948282, -0.27541, 0.532741, 0.334645, 0.726879,
 0.479436, -0.226517, 0.938997, 0.334645, 0.726879, 0.27541, -0.532741,
 0.479436, 0.226517, 0.938997, -0.27541, -0.532741, 0.334645, -0.726879,
 0.515841, 0.256544, 0.948281, 0.334645, -0.726879, 0.27541, 0.532741,
 0.487006, -0.23276, 0.940927, 0.0674513, -0.934838, 0.324783, -0.126686,
 0.508271, 0.2503, 0.946351, -0.126686, 0.324783, -0.934838, 0.0674513,
 -0.0282159, 0.00517696, 0.272424, 1, 0, 0, 0,
 0, 0, 0, 1, 0, 0, 0,
 -0.29, 0, 0.851, 1, 0, 0, 0,
 0.21838, 0.225407, 0.180919, 1, 0, 0, 0,
 0.224225, 0.270791, 0.0789213, 1, 0, 0, 0,
 0.224225, 0.172791, 0.0789213, 1, 0, 0, 0,
 0.21838, -0.223793, 0.180919, 1, 0, 0, 0,
 0.224225, -0.178409, 0.0789213, 1, 0, 0, 0,
 0.224225, -0.276409, 0.0789213, 1, 0, 0, 0,
 -0.23082, 0.225407, 0.180919, 1, 0, 0, 0,
 -0.224975, 0.270791, 0.0789213, 1, 0, 0, 0,
 -0.224975, 0.172791, 0.0789213, 1, 0, 0, 0,
 -0.23082, -0.223793, 0.180919, 1, 0, 0, 0,
 -0.224975, -0.178409, 0.0789213, 1, 0, 0, 0,
 -0.224975, -0.276409, 0.0789213, 1, 0, 0, 0,
 -0.116563, -0.00108579, 1.01135, -1, 0, 0, -0,
 -0.026643, 0.000777182, 1.26448, -1, 0, 0, -0,
 0.03954, 0.00096181, 1.36052, 0.980067, 0, 0.198669, 0,
 0.0474159, 1.43584e-08, 1.3225, 0.980067, 0, 0.198669, 0,
 0.0474159, 1.43584e-08, 1.3225, 0.980067, 0, 0.198669, 0,
 0.0479407, 8.16945e-09, 1.34942, 0.980067, 0, 0.198669, 0,
 -0.0538428, 0.00394506, 1.57636, 0.980067, 0, 0.198669, 0,
 -0.0208361, 0.0124999, 1.5983, 0.980067, 0, 0.198669, 0,
 -0.0208361, -0.0175001, 1.5983, 0.980067, 0, 0.198669, 0,
 -0.0524158, 0.0124999, 1.56005, 0.980067, 0, 0.198669, 0,
 0.0472586, -0.00300578, 1.12989, 1, 0, -0, 0,
 -0.0448562, -0.191235, 0.722545, -0.877583, 0, 0, 0.479426,
 0.033844, -0.320941, 0.877835, 0.850301, 0.118612, 0.217118, -0.464522,
 0.061539, -0.361528, 0.832555, 0.803075, -0.303564, 0.413242, -0.303564,
 0.144326, -0.497476, 0.743806, 0.803075, -0.303564, 0.413242, -0.303564,
 0.244854, -0.51539, 0.746781, -0.285995, 0.839705, 0.393399, 0.24154,
 0.210596, -0.556788, 0.714328, -0.781635, 0.419457, 0.452489, -0.0914241,
 0.318984, -0.452781, 0.833042, -0.285995, 0.839705, 0.393399, 0.24154,
 0.376423, -0.402433, 0.902914, 0.179776, -0.873359, -0.451926, -0.0262847,
 0.417531, -0.34752, 0.916464, -0.0418855, -0.890686, -0.431374, -0.137276,
 0.451216, -0.303233, 0.927257, -0.0418855, -0.890686, -0.431374, -0.137276,
 0.39889, -0.372037, 0.908767, -0.0418855, -0.890686, -0.431374, -0.137276,
 0.493236, -0.291834, 0.940276, 0.0349722, 0.911133, 0.386319, 0.139198,
 0.45184, -0.257573, 0.929275, -0.868013, 0.0486941, 0.135011, -0.475351,
 0.521172, -0.250676, 0.950242, -0.0418855, -0.890686, -0.431374, -0.137276,
 0.483703, -0.219702, 0.940425, 0.890686, -0.0418855, -0.137276, 0.431374,
 -0.0491989, 0.194023, 0.722545, -0.877583, 0, 0, -0.479426,
 0.0359917, 0.319562, 0.877835, 0.850301, -0.118612, 0.217118, 0.464522,
 0.0614936, 0.361649, 0.832696, 0.803075, 0.303564, 0.413242, 0.303564,
 0.144615, 0.496706, 0.742906, 0.803075, 0.303564, 0.413242, 0.303564,
 0.245654, 0.515918, 0.746491, -0.285995, -0.839705, 0.393399, -0.24154,
 0.210883, 0.556023, 0.713434, -0.781635, -0.419457, 0.452489, 0.0914241,
 0.317879, 0.452053, 0.833444, -0.285995, -0.839705, 0.393399, -0.24154,
 0.376795, 0.402679, 0.902779, 0.179776, 0.873359, -0.451926, 0.0262847,
 0.417092, 0.347158, 0.916352, -0.0418855, 0.890686, -0.431374, 0.137276,
 0.450881, 0.302957, 0.927172, -0.0418855, 0.890686, -0.431374, 0.137276,
 0.39889, 0.372037, 0.908767, -0.0418855, 0.890686, -0.431374, 0.137276,
 0.45172, 0.257591, 0.929687, 0.0486941, -0.868013, 0.475351, -0.135011,
 0.493356, 0.291815, 0.939863, 0.911133, 0.0349722, -0.139198, -0.386319,
 0.483632, 0.219713, 0.940668, -0.0418855, 0.890686, -0.431374, 0.137276,
 0.521242, 0.250665, 0.949999, -0.890686, -0.0418855, 0.137276, 0.431374,
 0, 0, 0.18, 1, 0, 0, 0,
 -0.13, 0, 0.55, 1, 0, 0, 0,
 0.108979, -0.435596, 0.78456, 0.803075, -0.303564, 0.413242, -0.303564,
 0.31419, -0.457802, 0.831344, -0.29955, 0.830764, 0.383179, 0.270698,
 0.469707, -0.278444, 0.933776, -0.0418855, -0.890686, -0.431374, -0.137276,
 0.108979, 0.435596, 0.78456, 0.803075, 0.303564, 0.413242, 0.303564,
 0.31419, 0.457802, 0.831344, -0.29955, -0.830764, 0.383179, -0.270698,
 0.469707, 0.278444, 0.933776, -0.0418855, 0.890686, -0.431374, 0.137276,
 0.508271, 0.2503, 0.946351, 0.0418855, -0.890686, 0.431374, -0.137276,
 0.487006, -0.23276, 0.940927, 0.0418855, 0.890686, 0.431374, 0.137276,
 0.404791, -0.364237, 0.910851, -0.579725, -0.753368, 0.191417, 0.244376,
 0.404791, 0.364237, 0.910851, 0.031525, 0.437371, -0.64258, -0.628336,
 0, 0, 0, 1, 0, 0, 0,
 0.15, 0, 0.890675, 1, 0, -1.11022e-16, 0,
 0.121345, 4.95118e-08, 1.3515, -0.589368, -0.390699, 0.390699, 0.589368,
 0.55, 0, 0.790675, 0.707107, 5.55112e-17, -5.55112e-17, -0.707107,
 0.093713, 3.09449e-08, 1.36318, 0.390699, -0.589368, 0.589368, -0.390699,
 -0.0208361, -0.0175001, 1.5983, 0.589368, 0.390699, -0.390699, -0.589368,
 0.0472586, -0.00300578, 1.12989, 0.5, -0.5, 0.5, -0.5,
 0.505116, -0.231648, 0.94628, 0.140075, -0.319237, -0.708725, 0.613335,
 0.505116, 0.231648, 0.94628, -0.613335, 0.708725, 0.319237, -0.140075,
 0, 0, 0, 1, 0, 0, 0,
 -0.0500001, 0, 0.890675, 0.707107, 0, -0.707107, 0,
 -0.05, 0, 0.790675, 0.707107, 0, -0.707107, 0,
 -0.0670703, 0, 1.27213, 0.707107, 0, -0.707107, 0,
 -0.0670703, 0, 1.27213, 0.707107, 0, -0.707107, 0,
 0.0489299, 0, 1.11768, -0.707107, 0, 0, -0.707107,
 0.0489299, 0, 1.11768, -0.707107, 0, 0, -0.707107,
 -0.0500001, -0.188, 0.890675, 0.620545, -0.339005, -0.620545, -0.339005,
 -0.0500001, -0.188, 0.890675, 0.707107, 0, -0.707107, 0,
 -0.0500001, 0.188, 0.890675, 0.620545, 0.339005, -0.620545, 0.339005,
 -0.0500001, 0.188, 0.890675, 0.707107, 0, -0.707107, 0,
 0.000929734, 0, 1.27213, -0.693012, -0.14048, -0.14048, -0.693012,
 0.000929734, 0, 1.27213, -0.707107, 0, 0, -0.707107,
 0.0040302, -0.272147, 0.890675, -0.92972, -0.237396, -0.069654, -0.272787,
 0.0040302, -0.272147, 0.890675, -0.95955, 0, 2.77556e-17, -0.28154,
 0.0040302, 0.272147, 0.890675, -0.272787, -0.069654, -0.237396, -0.92972,
 0.0040302, 0.272147, 0.890675, -0.28154, -5.55112e-17, 0, -0.95955,
 0.0040302, -0.272147, 0.890675, 0.803075, -0.303564, 0.413242, -0.303564,
 0.0040302, -0.272147, 0.890675, 0.850301, 0.118612, 0.217118, -0.464522,
 0.0040302, 0.272147, 0.890675, 0.803075, 0.303564, 0.413242, 0.303564,
 0.0040302, 0.272147, 0.890675, 0.850301, -0.118612, 0.217118, 0.464522,
 0.193694, -0.567532, 0.698905, 0.488053, -0.616559, -0.0233568, 0.617346,
 0.193694, -0.567532, 0.698905, 0.782512, 0.0775539, 0.506859, 0.353207,
 0.193694, 0.567532, 0.698905, 0.617346, -0.0233568, -0.616559, 0.488053,
 0.193694, 0.567532, 0.698905, 0.353207, 0.506859, 0.0775539, 0.782512,
 0.193694, -0.567532, 0.698905, -0.285995, 0.839705, 0.393399, 0.24154,
 0.193694, -0.567532, 0.698905, -0.781635, 0.419457, 0.452489, -0.0914241,
 0.193694, 0.567532, 0.698905, -0.285995, -0.839705, 0.393399, -0.24154,
 0.193694, 0.567532, 0.698905, -0.781635, -0.419457, 0.452489, 0.0914241,
 0.377881, -0.399803, 0.901348, -0.145707, 0.937118, -0.297998, -0.108535,
 0.377881, -0.399803, 0.901348, -0.373024, 0.871937, -0.315586, -0.0314346,
 0.377881, 0.399803, 0.901348, -0.108535, -0.297998, 0.937118, -0.145707,
 0.377881, 0.399803, 0.901348, -0.0314346, -0.315586, 0.871937, -0.373024,
 0.377881, -0.399803, 0.901348, -0.0418855, -0.890686, -0.431374, -0.137276,
 0.377881, -0.399803, 0.901348, 0.179776, -0.873359, -0.451926, -0.0262847,
 0.377881, 0.399803, 0.901348, -0.0418855, 0.890686, -0.431374, 0.137276,
 0.377881, 0.399803, 0.901348, 0.179776, 0.873359, -0.451926, 0.0262847,
 0.451847, -0.318295, 0.926726, -0.297898, -0.742696, -0.24844, 0.54584,
 0.451847, -0.318295, 0.926726, -0.334645, -0.726879, -0.27541, 0.532741,
 0.436708, -0.305809, 0.922865, 0.301692, -0.518311, -0.370556, -0.709245,
 0.436708, -0.305809, 0.922865, 0.27541, -0.532741, -0.334645, -0.726879,
 0.436708, 0.305809, 0.922865, -0.370556, 0.709245, -0.301692, -0.518311,
 0.436708, 0.305809, 0.922865, -0.334645, 0.726879, -0.27541, -0.532741,
 0.451847, 0.318295, 0.926726, 0.24844, 0.54584, -0.297898, 0.742696,
 0.451847, 0.318295, 0.926726, 0.27541, 0.532741, -0.334645, 0.726879,
 0.515841, -0.256544, 0.948282, -0.27541, 0.532741, 0.334645, 0.726879,
 0.515841, -0.256544, 0.948282, -0.24844, 0.54584, 0.297898, 0.742696,
 0.479436, -0.226517, 0.938997, 0.334645, 0.726879, 0.27541, -0.532741,
 0.479436, -0.226517, 0.938997, 0.370556, 0.709245, 0.301692, -0.518311,
 0.479436, 0.226517, 0.938997, -0.27541, -0.532741, 0.334645, -0.726879,
 0.479436, 0.226517, 0.938997, -0.301692, -0.518311, 0.370556, -0.709245,
 0.515841, 0.256544, 0.948281, 0.334645, -0.726879, 0.27541, 0.532741,
 0.515841, 0.256544, 0.948281, 0.297898, -0.742696, 0.24844, 0.54584,
 0.487006, -0.23276, 0.940927, 0.0674513, -0.934838, 0.324783, -0.126686,
 0.479436, -0.226517, 0.938997, 0.0674513, -0.934838, 0.324783, -0.126686,
 0.508271, 0.2503, 0.946351, -0.126686, 0.324783, -0.934838, 0.0674513,
 0.515841, 0.256544, 0.948281, -0.126686, 0.324783, -0.934838, 0.0674513,
 -0.3, 1.1, 0.75, 0.707107, 0, 0, 0.707107,
 -1.1805e-05, 1.15001, 0.750006, -0.707108, -2.77556e-17, 2.77556e-17, -0.707108,
 0.299997, 0.850005, 0.749998, -0.707108, -8.32667e-17, 2.77556e-17, -0.707108,
 0.1, 1.1, 0.6, 0.707107, 0, 0, 0.707107,
 0.8, 0, 0.6, 1, 0, 0, 0,
 -0.3, 1.1, 0.75, 0.707107, 0, 0, 0.707107,
 -1.1805e-05, 1.15001, 0.750006, -0.707108, -2.77556e-17, 2.77556e-17, -0.707108,
 0.299997, 0.850005, 0.749998, -0.707108, -8.32667e-17, 2.77556e-17, -0.707108,
 
0, 0, 0, 1, 0, 0, 0,
 0, 0, 0, 1, 0, 0, 0,
 -0.0500001, 0, 0.890675, 0.707107, 0, -0.707107, 0,
 -0.0670703, 0, 1.27213, 0.707107, 0, -0.707107, 0,
 0.0489299, 0, 1.11768, -0.707107, 0, 0, -0.707107,
 -0.0500001, -0.188, 0.890675, 0.620545, -0.339005, -0.620545, -0.339005,
 -0.0500001, 0.188, 0.890675, 0.620545, 0.339005, -0.620545, 0.339005,
 0.000929734, 0, 1.27213, -0.693012, -0.14048, -0.14048, -0.693012,
 0.0040302, -0.272147, 0.890675, -0.92972, -0.237396, -0.069654, -0.272787,
 0.0040302, 0.272147, 0.890675, -0.272787, -0.069654, -0.237396, -0.92972,
 0.0040302, -0.272147, 0.890675, 0.803075, -0.303564, 0.413242, -0.303564,
 0.0040302, 0.272147, 0.890675, 0.803075, 0.303564, 0.413242, 0.303564,
 0.193694, -0.567532, 0.698905, 0.488053, -0.616559, -0.0233568, 0.617346,
 0.193694, 0.567532, 0.698905, 0.617346, -0.0233568, -0.616559, 0.488053,
 0.193694, -0.567532, 0.698905, -0.285995, 0.839705, 0.393399, 0.24154,
 0.193694, 0.567532, 0.698905, -0.285995, -0.839705, 0.393399, -0.24154,
 0.377881, -0.399803, 0.901348, -0.145707, 0.937118, -0.297998, -0.108535,
 0.377881, 0.399803, 0.901348, -0.108535, -0.297998, 0.937118, -0.145707,
 0.39889, -0.372037, 0.908767, -0.0418855, -0.890686, -0.431374, -0.137276,
 0.39889, 0.372037, 0.908767, -0.0418855, 0.890686, -0.431374, 0.137276,
 0.451847, -0.318295, 0.926726, -0.297898, -0.742696, -0.24844, 0.54584,
 0.436708, -0.305809, 0.922865, 0.301692, -0.518311, -0.370556, -0.709245,
 0.436708, 0.305809, 0.922865, -0.370556, 0.709245, -0.301692, -0.518311,
 0.451847, 0.318295, 0.926726, 0.24844, 0.54584, -0.297898, 0.742696,
 0.515841, -0.256544, 0.948282, -0.27541, 0.532741, 0.334645, 0.726879,
 0.479436, -0.226517, 0.938997, 0.334645, 0.726879, 0.27541, -0.532741,
 0.479436, 0.226517, 0.938997, -0.27541, -0.532741, 0.334645, -0.726879,
 0.515841, 0.256544, 0.948281, 0.334645, -0.726879, 0.27541, 0.532741,
 0.487006, -0.23276, 0.940927, 0.0674513, -0.934838, 0.324783, -0.126686,
 0.508271, 0.2503, 0.946351, -0.126686, 0.324783, -0.934838, 0.0674513,
 -0.0282159, 0.00517696, 0.272424, 1, 0, 0, 0,
 0, 0, 0, 1, 0, 0, 0,
 -0.29, 0, 0.851, 1, 0, 0, 0,
 0.21838, 0.225407, 0.180919, 1, 0, 0, 0,
 0.224225, 0.270791, 0.0789213, 1, 0, 0, 0,
 0.224225, 0.172791, 0.0789213, 1, 0, 0, 0,
 0.21838, -0.223793, 0.180919, 1, 0, 0, 0,
 0.224225, -0.178409, 0.0789213, 1, 0, 0, 0,
 0.224225, -0.276409, 0.0789213, 1, 0, 0, 0,
 -0.23082, 0.225407, 0.180919, 1, 0, 0, 0,
 -0.224975, 0.270791, 0.0789213, 1, 0, 0, 0,
 -0.224975, 0.172791, 0.0789213, 1, 0, 0, 0,
 -0.23082, -0.223793, 0.180919, 1, 0, 0, 0,
 -0.224975, -0.178409, 0.0789213, 1, 0, 0, 0,
 -0.224975, -0.276409, 0.0789213, 1, 0, 0, 0,
 -0.116563, -0.00108579, 1.01135, -1, 0, 0, -0,
 -0.026643, 0.000777182, 1.26448, -1, 0, 0, -0,
 0.03954, 0.00096181, 1.36052, 0.980067, 0, 0.198669, 0,
 0.0474159, 1.43584e-08, 1.3225, 0.980067, 0, 0.198669, 0,
 0.0474159, 1.43584e-08, 1.3225, 0.980067, 0, 0.198669, 0,
 0.0479407, 8.16945e-09, 1.34942, 0.980067, 0, 0.198669, 0,
 -0.0538428, 0.00394506, 1.57636, 0.980067, 0, 0.198669, 0,
 -0.0208361, 0.0124999, 1.5983, 0.980067, 0, 0.198669, 0,
 -0.0208361, -0.0175001, 1.5983, 0.980067, 0, 0.198669, 0,
 -0.0524158, 0.0124999, 1.56005, 0.980067, 0, 0.198669, 0,
 0.0472586, -0.00300578, 1.12989, 1, 0, -0, 0,
 -0.0448562, -0.191235, 0.722545, -0.877583, 0, 0, 0.479426,
 0.033844, -0.320941, 0.877835, 0.850301, 0.118612, 0.217118, -0.464522,
 0.061539, -0.361528, 0.832555, 0.803075, -0.303564, 0.413242, -0.303564,
 0.144326, -0.497476, 0.743806, 0.803075, -0.303564, 0.413242, -0.303564,
 0.244854, -0.51539, 0.746781, -0.285995, 0.839705, 0.393399, 0.24154,
 0.210596, -0.556788, 0.714328, -0.781635, 0.419457, 0.452489, -0.0914241,
 0.318984, -0.452781, 0.833042, -0.285995, 0.839705, 0.393399, 0.24154,
 0.376423, -0.402433, 0.902914, 0.179776, -0.873359, -0.451926, -0.0262847,
 0.417531, -0.34752, 0.916464, -0.0418855, -0.890686, -0.431374, -0.137276,
 0.451216, -0.303233, 0.927257, -0.0418855, -0.890686, -0.431374, -0.137276,
 0.39889, -0.372037, 0.908767, -0.0418855, -0.890686, -0.431374, -0.137276,
 0.493236, -0.291834, 0.940276, 0.0349722, 0.911133, 0.386319, 0.139198,
 0.45184, -0.257573, 0.929275, -0.868013, 0.0486941, 0.135011, -0.475351,
 0.521172, -0.250676, 0.950242, -0.0418855, -0.890686, -0.431374, -0.137276,
 0.483703, -0.219702, 0.940425, 0.890686, -0.0418855, -0.137276, 0.431374,
 -0.0491989, 0.194023, 0.722545, -0.877583, 0, 0, -0.479426,
 0.0359917, 0.319562, 0.877835, 0.850301, -0.118612, 0.217118, 0.464522,
 0.0614936, 0.361649, 0.832696, 0.803075, 0.303564, 0.413242, 0.303564,
 0.144615, 0.496706, 0.742906, 0.803075, 0.303564, 0.413242, 0.303564,
 0.245654, 0.515918, 0.746491, -0.285995, -0.839705, 0.393399, -0.24154,
 0.210883, 0.556023, 0.713434, -0.781635, -0.419457, 0.452489, 0.0914241,
 0.317879, 0.452053, 0.833444, -0.285995, -0.839705, 0.393399, -0.24154,
 0.376795, 0.402679, 0.902779, 0.179776, 0.873359, -0.451926, 0.0262847,
 0.417092, 0.347158, 0.916352, -0.0418855, 0.890686, -0.431374, 0.137276,
 0.450881, 0.302957, 0.927172, -0.0418855, 0.890686, -0.431374, 0.137276,
 0.39889, 0.372037, 0.908767, -0.0418855, 0.890686, -0.431374, 0.137276,
 0.45172, 0.257591, 0.929687, 0.0486941, -0.868013, 0.475351, -0.135011,
 0.493356, 0.291815, 0.939863, 0.911133, 0.0349722, -0.139198, -0.386319,
 0.483632, 0.219713, 0.940668, -0.0418855, 0.890686, -0.431374, 0.137276,
 0.521242, 0.250665, 0.949999, -0.890686, -0.0418855, 0.137276, 0.431374,
 0, 0, 0.18, 1, 0, 0, 0,
 -0.13, 0, 0.55, 1, 0, 0, 0,
 0.108979, -0.435596, 0.78456, 0.803075, -0.303564, 0.413242, -0.303564,
 0.31419, -0.457802, 0.831344, -0.29955, 0.830764, 0.383179, 0.270698,
 0.469707, -0.278444, 0.933776, -0.0418855, -0.890686, -0.431374, -0.137276,
 0.108979, 0.435596, 0.78456, 0.803075, 0.303564, 0.413242, 0.303564,
 0.31419, 0.457802, 0.831344, -0.29955, -0.830764, 0.383179, -0.270698,
 0.469707, 0.278444, 0.933776, -0.0418855, 0.890686, -0.431374, 0.137276,
 0.508271, 0.2503, 0.946351, 0.0418855, -0.890686, 0.431374, -0.137276,
 0.487006, -0.23276, 0.940927, 0.0418855, 0.890686, 0.431374, 0.137276,
 0.404791, -0.364237, 0.910851, -0.579725, -0.753368, 0.191417, 0.244376,
 0.404791, 0.364237, 0.910851, 0.031525, 0.437371, -0.64258, -0.628336,
 0, 0, 0, 1, 0, 0, 0,
 0.15, 0, 0.890675, 1, 0, -1.11022e-16, 0,
 0.121345, 4.95118e-08, 1.3515, -0.589368, -0.390699, 0.390699, 0.589368,
 0.55, 0, 0.790675, 0.707107, 5.55112e-17, -5.55112e-17, -0.707107,
 0.093713, 3.09449e-08, 1.36318, 0.390699, -0.589368, 0.589368, -0.390699,
 -0.0208361, -0.0175001, 1.5983, 0.589368, 0.390699, -0.390699, -0.589368,
 0.0472586, -0.00300578, 1.12989, 0.5, -0.5, 0.5, -0.5,
 0.505116, -0.231648, 0.94628, 0.140075, -0.319237, -0.708725, 0.613335,
 0.505116, 0.231648, 0.94628, -0.613335, 0.708725, 0.319237, -0.140075,
 0, 0, 0, 1, 0, 0, 0,
 -0.0500001, 0, 0.890675, 0.707107, 0, -0.707107, 0,
 -0.05, 0, 0.790675, 0.707107, 0, -0.707107, 0,
 -0.0670703, 0, 1.27213, 0.707107, 0, -0.707107, 0,
 -0.0670703, 0, 1.27213, 0.707107, 0, -0.707107, 0,
 0.0489299, 0, 1.11768, -0.707107, 0, 0, -0.707107,
 0.0489299, 0, 1.11768, -0.707107, 0, 0, -0.707107,
 -0.0500001, -0.188, 0.890675, 0.620545, -0.339005, -0.620545, -0.339005,
 -0.0500001, -0.188, 0.890675, 0.707107, 0, -0.707107, 0,
 -0.0500001, 0.188, 0.890675, 0.620545, 0.339005, -0.620545, 0.339005,
 -0.0500001, 0.188, 0.890675, 0.707107, 0, -0.707107, 0,
 0.000929734, 0, 1.27213, -0.693012, -0.14048, -0.14048, -0.693012,
 0.000929734, 0, 1.27213, -0.707107, 0, 0, -0.707107,
 0.0040302, -0.272147, 0.890675, -0.92972, -0.237396, -0.069654, -0.272787,
 0.0040302, -0.272147, 0.890675, -0.95955, 0, 2.77556e-17, -0.28154,
 0.0040302, 0.272147, 0.890675, -0.272787, -0.069654, -0.237396, -0.92972,
 0.0040302, 0.272147, 0.890675, -0.28154, -5.55112e-17, 0, -0.95955,
 0.0040302, -0.272147, 0.890675, 0.803075, -0.303564, 0.413242, -0.303564,
 0.0040302, -0.272147, 0.890675, 0.850301, 0.118612, 0.217118, -0.464522,
 0.0040302, 0.272147, 0.890675, 0.803075, 0.303564, 0.413242, 0.303564,
 0.0040302, 0.272147, 0.890675, 0.850301, -0.118612, 0.217118, 0.464522,
 0.193694, -0.567532, 0.698905, 0.488053, -0.616559, -0.0233568, 0.617346,
 0.193694, -0.567532, 0.698905, 0.782512, 0.0775539, 0.506859, 0.353207,
 0.193694, 0.567532, 0.698905, 0.617346, -0.0233568, -0.616559, 0.488053,
 0.193694, 0.567532, 0.698905, 0.353207, 0.506859, 0.0775539, 0.782512,
 0.193694, -0.567532, 0.698905, -0.285995, 0.839705, 0.393399, 0.24154,
 0.193694, -0.567532, 0.698905, -0.781635, 0.419457, 0.452489, -0.0914241,
 0.193694, 0.567532, 0.698905, -0.285995, -0.839705, 0.393399, -0.24154,
 0.193694, 0.567532, 0.698905, -0.781635, -0.419457, 0.452489, 0.0914241,
 0.377881, -0.399803, 0.901348, -0.145707, 0.937118, -0.297998, -0.108535,
 0.377881, -0.399803, 0.901348, -0.373024, 0.871937, -0.315586, -0.0314346,
 0.377881, 0.399803, 0.901348, -0.108535, -0.297998, 0.937118, -0.145707,
 0.377881, 0.399803, 0.901348, -0.0314346, -0.315586, 0.871937, -0.373024,
 0.377881, -0.399803, 0.901348, -0.0418855, -0.890686, -0.431374, -0.137276,
 0.377881, -0.399803, 0.901348, 0.179776, -0.873359, -0.451926, -0.0262847,
 0.377881, 0.399803, 0.901348, -0.0418855, 0.890686, -0.431374, 0.137276,
 0.377881, 0.399803, 0.901348, 0.179776, 0.873359, -0.451926, 0.0262847,
 0.451847, -0.318295, 0.926726, -0.297898, -0.742696, -0.24844, 0.54584,
 0.451847, -0.318295, 0.926726, -0.334645, -0.726879, -0.27541, 0.532741,
 0.436708, -0.305809, 0.922865, 0.301692, -0.518311, -0.370556, -0.709245,
 0.436708, -0.305809, 0.922865, 0.27541, -0.532741, -0.334645, -0.726879,
 0.436708, 0.305809, 0.922865, -0.370556, 0.709245, -0.301692, -0.518311,
 0.436708, 0.305809, 0.922865, -0.334645, 0.726879, -0.27541, -0.532741,
 0.451847, 0.318295, 0.926726, 0.24844, 0.54584, -0.297898, 0.742696,
 0.451847, 0.318295, 0.926726, 0.27541, 0.532741, -0.334645, 0.726879,
 0.515841, -0.256544, 0.948282, -0.27541, 0.532741, 0.334645, 0.726879,
 0.515841, -0.256544, 0.948282, -0.24844, 0.54584, 0.297898, 0.742696,
 0.479436, -0.226517, 0.938997, 0.334645, 0.726879, 0.27541, -0.532741,
 0.479436, -0.226517, 0.938997, 0.370556, 0.709245, 0.301692, -0.518311,
 0.479436, 0.226517, 0.938997, -0.27541, -0.532741, 0.334645, -0.726879,
 0.479436, 0.226517, 0.938997, -0.301692, -0.518311, 0.370556, -0.709245,
 0.515841, 0.256544, 0.948281, 0.334645, -0.726879, 0.27541, 0.532741,
 0.515841, 0.256544, 0.948281, 0.297898, -0.742696, 0.24844, 0.54584,
 0.487006, -0.23276, 0.940927, 0.0674513, -0.934838, 0.324783, -0.126686,
 0.479436, -0.226517, 0.938997, 0.0674513, -0.934838, 0.324783, -0.126686,
 0.508271, 0.2503, 0.946351, -0.126686, 0.324783, -0.934838, 0.0674513,
 0.515841, 0.256544, 0.948281, -0.126686, 0.324783, -0.934838, 0.0674513,
 -0.3, 1.1, 0.75, 0.707107, 0, 0, 0.707107,
 -1.1805e-05, 1.15001, 0.9, 0.707107, 0, 0, 0.707107,
 0.299997, 0.850005, 0.749998, -0.707108, -8.32667e-17, 2.77556e-17, -0.707108,
 0.1, 1.1, 0.6, 0.707107, 0, 0, 0.707107,
 0.8, 0, 0.6, 1, 0, 0, 0,
 -0.3, 1.1, 0.75, 0.707107, 0, 0, 0.707107,
 -1.1805e-05, 1.15001, 0.9, 0.707107, 0, 0, 0.707107,
 0.299997, 0.850005, 0.749998, -0.707108, -8.32667e-17, 2.77556e-17, -0.707108,
 ], x:[[0, 0, 0, 0.1, 0, 0, -1, 1, 0.4, 0.5, 0.5, -1, 1, -2, -2, -1.5, 1.5, -0.5, -0.5, -0.5, 0.5, 0.1, 0.1, 0.01, 0.01, 1.28284, 0.10696, -0.7386, -0.53274, -0.726877, -0.275409, 0.334644, 0.192904, 0.103524, 0.64423, 0.53274, 0.726877, -0.275409, 0.334644], [0, 0, 0, 0.1, 0, 0, -1, 1, 0.4, 0.5, 0.5, -1, 1, -2, -2, -1.5, 1.5, -0.5, -0.5, -0.5, 0.5, 0.1, 0.1, 0.01, 0.01, 0.0500102, -0.299988, 0, 0.192904, 0.103524, 0.64423, 0.53274, 0.726877, -0.275409, 0.334644]], dual:[] },
QuaternionNorms:{ order:0, type:eq, feature:QuaternionNorms, vars:[1, 1] },
qItself#46:{ order:1, type:sos, feature:"qItself#46", vars:[1, 1] },
qItself#46:{ order:0, type:sos, feature:"qItself#46", vars:[1, 1] },
qZeroVel-green:{ order:1, type:eq, feature:"qZeroVel-green" },
TM_NoJumpToParent-1-green:{ order:1, type:eq, feature:"TM_NoJumpToParent-1-green" },
qZeroVel-blue:{ order:1, type:eq, feature:"qZeroVel-blue" },
TM_NoJumpToParent-1-blue:{ order:1, type:eq, feature:"TM_NoJumpToParent-1-blue", vars:[1] },
TM_NoJumpToParent-1-green:{ order:1, type:eq, feature:"TM_NoJumpToParent-1-green", vars:[0, 1] },
AboveBox:green:red:{ order:0, type:ineq, feature:"AboveBox:green:red", vars:[0, 1] },
PairCollision-pr2R-green:{ order:0, type:eq, feature:"PairCollision-pr2R-green", vars:[0, 1] },
PairCollision-green-red:{ order:0, type:eq, feature:"PairCollision-green-red", vars:[0, 1] },
ProxyCost:{ order:0, type:sos, feature:ProxyCost, vars:[1, 1] }}KOMO_run_log: [
{ lagrangianQuery: True, errors: [0.0924131, 1.97931, 129.132] },
{ lineSearch: 0, alpha: 1, beta: 1, f_x: 19072, f_y: 13376.8, wolfe: 1, accept: True },
{ newton: 1, evaluations: 2, f_x: 13376.8, alpha: 1.5 },
{ lagrangianQuery: True, errors: [0.129542, 3.46356, 108.987] },
{ lineSearch: 0, alpha: 1, beta: 1, f_x: 13376.8, f_y: 8717.8, wolfe: 1, accept: True },
{ newton: 2, evaluations: 3, f_x: 8717.8, alpha: 1.5 },
{ lagrangianQuery: True, errors: [0.00231867, 3.08031, 89.4212] },
{ lineSearch: 0, alpha: 1, beta: 1, f_x: 8717.8, f_y: 5851.63, wolfe: 1, accept: True },
{ newton: 3, evaluations: 4, f_x: 5851.63, alpha: 1.5 },
{ lagrangianQuery: True, errors: [3.91367, 2.5444, 62.9451] },
{ lineSearch: 0, alpha: 1, beta: 1, f_x: 5851.63, f_y: 2869.87, wolfe: 1, accept: True },
{ newton: 4, evaluations: 5, f_x: 2869.87, alpha: 1.5 },
{ lagrangianQuery: True, errors: [3.07134, 2.2392, 48.6594] },
{ lineSearch: 0, alpha: 1, beta: 1, f_x: 2869.87, f_y: 1705.84, wolfe: 1, accept: True },
{ newton: 5, evaluations: 6, f_x: 1705.84, alpha: 1.5 },
{ lagrangianQuery: True, errors: [2.88112, 1.90147, 34.828] },
{ lineSearch: 0, alpha: 1, beta: 1, f_x: 1705.84, f_y: 860.699, wolfe: 1, accept: True },
{ newton: 6, evaluations: 7, f_x: 860.699, alpha: 1.5 },
{ lagrangianQuery: True, errors: [9.1545, 1.39208, 20.1493] },
{ lineSearch: 0, alpha: 1, beta: 1, f_x: 860.699, f_y: 295.08, wolfe: 1, accept: True },
{ newton: 7, evaluations: 8, f_x: 295.08, alpha: 1.5 },
{ lagrangianQuery: True, errors: [6.94776, 1.06961, 12.728] },
{ lineSearch: 0, alpha: 1, beta: 1, f_x: 295.08, f_y: 129.045, wolfe: 1, accept: True },
{ newton: 8, evaluations: 9, f_x: 129.045, alpha: 1.5 },
{ lagrangianQuery: True, errors: [3.58009, 0.815735, 8.27277] },
{ lineSearch: 0, alpha: 1, beta: 1, f_x: 129.045, f_y: 56.5453, wolfe: 1, accept: True },
{ newton: 9, evaluations: 10, f_x: 56.5453, alpha: 1.5 },
{ lagrangianQuery: True, errors: [2.41655, 0.659785, 13.8544] },
{ lineSearch: 0, alpha: 1, beta: 1, f_x: 56.5453, f_y: 175.585, wolfe: 0, accept: False },
{ lagrangianQuery: True, errors: [1.70029, 0.73776, 9.44] },
{ lineSearch: 1, alpha: 0.5, beta: 1, f_x: 56.5453, f_y: 80.0888, wolfe: 0, accept: False },
{ lagrangianQuery: True, errors: [2.12879, 0.776748, 7.68501] },
{ lineSearch: 2, alpha: 0.25, beta: 1, f_x: 56.5453, f_y: 50.3103, wolfe: 1, accept: True },
{ newton: 10, evaluations: 13, f_x: 50.3103, alpha: 0.375 },
{ lagrangianQuery: True, errors: [1.27735, 0.739466, 6.57705] },
{ lineSearch: 0, alpha: 0.375, beta: 1, f_x: 50.3103, f_y: 37.5408, wolfe: 1, accept: True },
{ newton: 11, evaluations: 14, f_x: 37.5408, alpha: 0.5625 },
{ lagrangianQuery: True, errors: [0.727459, 0.657813, 3.21507] },
{ lineSearch: 0, alpha: 0.5625, beta: 1, f_x: 37.5408, f_y: 9.80949, wolfe: 1, accept: True },
{ newton: 12, evaluations: 15, f_x: 9.80949, alpha: 0.84375 },
{ lagrangianQuery: True, errors: [1.79227, 0.487357, 2.78223] },
{ lineSearch: 0, alpha: 0.84375, beta: 1, f_x: 9.80949, f_y: 9.24036, wolfe: 1, accept: True },
{ newton: 13, evaluations: 16, f_x: 9.24036, alpha: 1.26562 },
{ lagrangianQuery: True, errors: [1.24561, 0.00433804, 3.75121] },
{ lineSearch: 0, alpha: 1, beta: 1, f_x: 9.24036, f_y: 15.1989, wolfe: 0, accept: False },
{ lagrangianQuery: True, errors: [1.35467, 0.245299, 2.33086] },
{ lineSearch: 1, alpha: 0.5, beta: 1, f_x: 9.24036, f_y: 6.65257, wolfe: 1, accept: True },
{ newton: 14, evaluations: 18, f_x: 6.65257, alpha: 0.75 },
{ lagrangianQuery: True, errors: [0.71174, 0.0748113, 1.49665] },
{ lineSearch: 0, alpha: 0.75, beta: 1, f_x: 6.65257, f_y: 2.85166, wolfe: 1, accept: True },
{ newton: 15, evaluations: 19, f_x: 2.85166, alpha: 1.125 },
{ lagrangianQuery: True, errors: [0.696087, 0.00350279, 0.366978] },
{ lineSearch: 0, alpha: 1, beta: 1, f_x: 2.85166, f_y: 0.826748, wolfe: 1, accept: True },
{ newton: 16, evaluations: 20, f_x: 0.826748, alpha: 1.5 },
{ lagrangianQuery: True, errors: [0.29242, 0.0172929, 1.70816] },
{ lineSearch: 0, alpha: 1, beta: 1, f_x: 0.826748, f_y: 3.08226, wolfe: 0, accept: False },
{ lagrangianQuery: True, errors: [0.344174, 0.0103143, 0.651127] },
{ lineSearch: 1, alpha: 0.5, beta: 1, f_x: 0.826748, f_y: 0.751894, wolfe: 1, accept: True },
{ newton: 17, evaluations: 22, f_x: 0.751894, alpha: 0.75 },
{ lagrangianQuery: True, errors: [0.139407, 0.0140985, 0.521081] },
{ lineSearch: 0, alpha: 0.75, beta: 1, f_x: 0.751894, f_y: 0.389698, wolfe: 1, accept: True },
{ newton: 18, evaluations: 23, f_x: 0.389698, alpha: 1.125 },
{ lagrangianQuery: True, errors: [0.121726, 0.0297194, 0.0595965] },
{ lineSearch: 0, alpha: 1, beta: 1, f_x: 0.389698, f_y: 0.124367, wolfe: 1, accept: True },
{ newton: 19, evaluations: 24, f_x: 0.124367, alpha: 1.5 },
{ lagrangianQuery: True, errors: [0.126531, 0.000279234, 0.107864] },
{ lineSearch: 0, alpha: 1, beta: 1, f_x: 0.124367, f_y: 0.135379, wolfe: 0, accept: False },
{ lagrangianQuery: True, errors: [0.0704191, 0.0149993, 0.052729] },
{ lineSearch: 1, alpha: 0.5, beta: 1, f_x: 0.124367, f_y: 0.0726786, wolfe: 1, accept: True },
{ newton: 20, evaluations: 26, f_x: 0.0726786, alpha: 0.75 },
{ lagrangianQuery: True, errors: [0.0682753, 0.00638178, 0.263032] },
{ lineSearch: 0, alpha: 0.75, beta: 1, f_x: 0.0726786, f_y: 0.135945, wolfe: 0, accept: False },
{ lagrangianQuery: True, errors: [0.0526698, 0.0106905, 0.0969229] },
{ lineSearch: 1, alpha: 0.375, beta: 1, f_x: 0.0726786, f_y: 0.0612649, wolfe: 1, accept: True },
{ newton: 21, evaluations: 28, f_x: 0.0612649, alpha: 0.5625 },
{ lagrangianQuery: True, errors: [0.0388865, 0.0075848, 0.0628184] },
{ lineSearch: 0, alpha: 0.5625, beta: 1, f_x: 0.0612649, f_y: 0.0423134, wolfe: 1, accept: True },
{ newton: 22, evaluations: 29, f_x: 0.0423134, alpha: 0.84375 },
{ lagrangianQuery: True, errors: [0.0479702, 0.00149129, 0.0248562] },
{ lineSearch: 0, alpha: 0.84375, beta: 1, f_x: 0.0423134, f_y: 0.048421, wolfe: 0, accept: False },
{ lagrangianQuery: True, errors: [0.0261542, 0.00453805, 0.0408462] },
{ lineSearch: 1, alpha: 0.421875, beta: 1, f_x: 0.0423134, f_y: 0.0275162, wolfe: 1, accept: True },
{ newton: 23, evaluations: 31, f_x: 0.0275162, alpha: 0.632812 },
{ lagrangianQuery: True, errors: [0.0568037, 0.00218389, 0.0428284] },
{ lineSearch: 0, alpha: 0.632812, beta: 1, f_x: 0.0275162, f_y: 0.0583817, wolfe: 0, accept: False },
{ lagrangianQuery: True, errors: [0.0335918, 0.00336097, 0.0330961] },
{ lineSearch: 1, alpha: 0.316406, beta: 1, f_x: 0.0275162, f_y: 0.0346081, wolfe: 0, accept: False },
{ lagrangianQuery: True, errors: [0.0244275, 0.00394951, 0.0349885] },
{ lineSearch: 2, alpha: 0.158203, beta: 1, f_x: 0.0275162, f_y: 0.0255008, wolfe: 1, accept: True },
{ newton: 24, evaluations: 34, f_x: 0.0255008, alpha: 0.237305 },
{ lagrangianQuery: True, errors: [0.0244275, 0.00394951, 0.0349885] },
{ optConstraint: 1, mu: 5, nu: 5, L_x_beforeUpdate: 0.0255008, L_x_afterUpdate: 0.0319404, errors: [0.0244275, 0.00394951, 0.0349885], lambda: [0.000211668, 9.21485e-08, 0, 0, 0, 0, 0, 0, 0, 0, 0, 0, 0, 0, 0, 0, 0, 0, 0, 0, 0, 0, 0, 0, 0, 0, 0, 0, 0, 0, 0, 0, 0, 0, 0, 0, 0, 0, 0, 0, 0, 0, 0, 0, 0, 0, 0, 0, 0, 0, 0, 0, 3.68733e-05, 4.0911e-05, -9.70612e-06, 3.71339e-05, 1.8045e-06, -3.03978e-06, 4.76694e-06, 0, 2.26439e-08, 0, 0, 0, 0, 0, 0, 0, 0, 0, 0, 0, 0, 0, 0, 0, 0, 0, 0, 0, 0, 0, 0, 0, 0, 0, 0, 0, 0, 0, 0, 0, 0, 0, 0, 0, 0, 0, 0, 0, 0, 0, 0, 0, 0, 0, 0, 0, 0, 0, 0, -0.00022038, 0.000628994, -0.00301531, 2.03362e-05, -0.000104364, -0.000133201, -0.000300306, 0, 0.00420735, 0, 0.00369167, -0.0652081, -6.93889e-15, 0] },
{ lagrangianQuery: True, errors: [0.0230018, 0.00283051, 0.0258595] },
{ lineSearch: 0, alpha: 0.237305, beta: 1, f_x: 0.0319404, f_y: 0.0275139, wolfe: 1, accept: True },
{ newton: 25, evaluations: 35, f_x: 0.0275139, alpha: 0.355957 },
{ lagrangianQuery: True, errors: [0.0314645, 0.00159593, 0.0189701] },
{ lineSearch: 0, alpha: 0.355957, beta: 1, f_x: 0.0275139, f_y: 0.0342604, wolfe: 0, accept: False },
{ lagrangianQuery: True, errors: [0.0228593, 0.00221322, 0.0210766] },
{ lineSearch: 1, alpha: 0.177979, beta: 1, f_x: 0.0275139, f_y: 0.0261481, wolfe: 1, accept: True },
{ newton: 26, evaluations: 37, f_x: 0.0261481, alpha: 0.266968 },
{ lagrangianQuery: True, errors: [0.0205906, 0.00141735, 0.014465] },
{ lineSearch: 0, alpha: 0.266968, beta: 1, f_x: 0.0261481, f_y: 0.0224203, wolfe: 1, accept: True },
{ newton: 27, evaluations: 38, f_x: 0.0224203, alpha: 0.400452 },
{ lagrangianQuery: True, errors: [0.0221344, 0.000716438, 0.00694083] },
{ lineSearch: 0, alpha: 0.400452, beta: 1, f_x: 0.0224203, f_y: 0.0227651, wolfe: 0, accept: False },
{ lagrangianQuery: True, errors: [0.0204796, 0.00106689, 0.0104193] },
{ lineSearch: 1, alpha: 0.200226, beta: 1, f_x: 0.0224203, f_y: 0.0216103, wolfe: 1, accept: True },
{ newton: 28, evaluations: 40, f_x: 0.0216103, alpha: 0.300339 },
{ lagrangianQuery: True, errors: [0.0234936, 0.000520227, 0.00594866] },
{ lineSearch: 0, alpha: 0.300339, beta: 1, f_x: 0.0216103, f_y: 0.0239839, wolfe: 0, accept: False },
{ lagrangianQuery: True, errors: [0.0184424, 0.00079356, 0.00808368] },
{ lineSearch: 1, alpha: 0.150169, beta: 1, f_x: 0.0216103, f_y: 0.0192137, wolfe: 1, accept: True },
{ newton: 29, evaluations: 42, f_x: 0.0192137, alpha: 0.225254 },
{ lagrangianQuery: True, errors: [0.0184424, 0.00079356, 0.00808368] },
{ optConstraint: 2, mu: 25, nu: 25, L_x_beforeUpdate: 0.0192137, L_x_afterUpdate: 0.0208974, errors: [0.0184424, 0.00079356, 0.00808368], lambda: [0.000667718, 1.94495e-07, 0, 0, 0, 0, 0, 0, 0, 0, 0, 0, 0, 0, 0, 0, 0, 0, 0, 0, 0, 0, 0, 0, 0, 0, 0, 0, 0, 0, 0, 0, 0, 0, 0, 0, 0, 0, 0, 0, 0, 0, 0, 0, 0, 0, 0, 0, 0, 0, 0, 0, 9.50807e-05, 0.000104263, -2.31955e-05, 0.000222803, 4.90122e-06, -7.06514e-06, 1.21652e-05, 0, 4.25938e-08, 0, 0, 0, 0, 0, 0, 0, 0, 0, 0, 0, 0, 0, 0, 0, 0, 0, 0, 0, 0, 0, 0, 0, 0, 0, 0, 0, 0, 0, 0, 0, 0, 0, 0, 0, 0, 0, 0, 0, 0, 0, 0, 0, 0, 0, 0, 0, 0, 0, 0, -0.00040649, 0.000940519, -0.00758427, 0.000229864, -5.73179e-05, -0.000123414, -0.000454914, 0, 0.00868758, 0, 0.00714704, -0.139766, -4.16334e-14, 0] },
{ lagrangianQuery: True, errors: [0.0200918, 0.000547193, 0.0108089] },
{ lineSearch: 0, alpha: 0.225254, beta: 1, f_x: 0.0208974, f_y: 0.024252, wolfe: 0, accept: False },
{ lagrangianQuery: True, errors: [0.0179417, 0.000670376, 0.00814471] },
{ lineSearch: 1, alpha: 0.112627, beta: 1, f_x: 0.0208974, f_y: 0.0204712, wolfe: 1, accept: True },
{ newton: 30, evaluations: 44, f_x: 0.0204712, alpha: 0.168941 },
{ lagrangianQuery: True, errors: [0.0206043, 0.000507634, 0.00675346] },
{ lineSearch: 0, alpha: 0.168941, beta: 1, f_x: 0.0204712, f_y: 0.0224737, wolfe: 0, accept: False },
{ lagrangianQuery: True, errors: [0.0181596, 0.000589005, 0.0073344] },
{ lineSearch: 1, alpha: 0.0844703, beta: 1, f_x: 0.0204712, f_y: 0.0202981, wolfe: 1, accept: True },
{ newton: 31, evaluations: 46, f_x: 0.0202981, alpha: 0.126705 },
{ lagrangianQuery: True, errors: [0.0175679, 0.000474751, 0.00617314] },
{ lineSearch: 0, alpha: 0.126705, beta: 1, f_x: 0.0202981, f_y: 0.0192111, wolfe: 1, accept: True },
{ newton: 32, evaluations: 47, f_x: 0.0192111, alpha: 0.190058 },

] #end of KOMO_run_log
