SKELETON:
  initial (pr2R) from 0 to 3
  initial (pr2L) from 0 to 3
  initial (red) from 0 to 3
  initial (green) from 0 to 3
  initial (blue) from 0 to 3
  initial (table1) from 0 to 3
  initial (table2) from 0 to 3
  touch (pr2R green) from 1 to 3
  stable (pr2R green) from 1 to 3
  touch (pr2L blue) from 2 to 2
  stable (pr2L blue) from 2 to 2
  above (blue green) from 3 to 3
  stableOn (green blue) from 3 to 3
  touch (pr2L blue) from 3 to 3
  touch (blue green) from 3 to 3
SWITCHES:
  START  -->  stable (pr2R green) from 1 to 3
  START  -->  stable (pr2L blue) from 2 to 2
  stable (pr2L blue) from 2 to 2  -->  stableOn (green blue) from 3 to 3
KOMO Problem:
  x-dim:74  dual-dim:0
  T:2 k:1 phases:2 stepsPerPhase:1 tau:10
  #configurations:3 q-dims: (0..0)32 (1..1)39 (2..2)35
    times:[10, 20]
  usingSwift:1
    TASK 'QuaternionNorms' ([1, 1])  type:eq  order:0  target:[]  scale:[3]
    TASK 'qItself#46' ([1, 1])  type:sos  order:1  target:[]  scale:[0.316228, 0.316228, 0.316228, 94.8683, 0.00316228, 0.0316228, 0.0316228, 0.0316228, 0.00316228, 0.0316228, 0.0316228, 0.0316228, 0.0316228, 0.0316228, 0.0316228, 0.0316228, 0.0316228, 0.0316228, 0.0316228, 0.0316228, 0.0316228, 0.0316228, 0.0316228, 0.0316228, 0.0316228]
    TASK 'qItself#46' ([1, 1])  type:sos  order:0  target:[]  scale:[0.0316228]
    TASK 'qZeroVel-green' ()  type:eq  order:1  target:[]  scale:[10]
    TASK 'TM_NoJumpToParent-1-green' ()  type:eq  order:1  target:[]  scale:[100]
    TASK 'TM_NoJumpToParent-1-blue' ([1])  type:eq  order:1  target:[]  scale:[100]
    TASK 'TM_NoJumpToParent-1-blue' ([0, 1])  type:eq  order:1  target:[]  scale:[100]
    TASK 'AboveBox:blue:green' ([0, 1])  type:ineq  order:0  target:[]  scale:[10]
    TASK 'PairCollision-pr2L-blue' ([0, 1])  type:eq  order:0  target:[]  scale:[100]
    TASK 'PairCollision-blue-green' ([0, 1])  type:eq  order:0  target:[]  scale:[100]
    TASK 'ProxyCost' ([1, 1])  type:sos  order:0  target:[]  scale:[10]
    SWITCH  timeOfApplication=-1  symbol=joint  jointType=free  fromId=105  toId=165
    SWITCH  timeOfApplication=0  symbol=joint  jointType=free  fromId=106  toId=166
    SWITCH  timeOfApplication=1  symbol=joint  jointType=transXYPhi  fromId=165  toId=166
{KOMO_specs:{ x_dim:74, T:2, k_order:1, tau:10, useSwift, X:[
0, 0, 0, 1, 0, 0, 0,
 0, 0, 0, 1, 0, 0, 0,
 -0.0500001, 0, 0.890675, 0.707107, 0, -0.707107, 0,
 -0.0670703, 0, 1.27213, 0.707107, 0, -0.707107, 0,
 0.0489299, 0, 1.11768, -0.707107, 0, 0, -0.707107,
 -0.0500001, -0.188, 0.890675, 0.620545, -0.339005, -0.620545, -0.339005,
 -0.0500001, 0.188, 0.890675, 0.620545, 0.339005, -0.620545, 0.339005,
 0.000929734, 0, 1.27213, -0.693012, -0.14048, -0.14048, -0.693012,
 0.0040302, -0.272147, 0.890675, -0.92972, -0.237396, -0.069654, -0.272787,
 0.0040302, 0.272147, 0.890675, -0.272787, -0.069654, -0.237396, -0.92972,
 0.0040302, -0.272147, 0.890675, 0.803075, -0.303564, 0.413242, -0.303564,
 0.0040302, 0.272147, 0.890675, 0.803075, 0.303564, 0.413242, 0.303564,
 0.193694, -0.567532, 0.698905, 0.488053, -0.616559, -0.0233568, 0.617346,
 0.193694, 0.567532, 0.698905, 0.617346, -0.0233568, -0.616559, 0.488053,
 0.193694, -0.567532, 0.698905, -0.285995, 0.839705, 0.393399, 0.24154,
 0.193694, 0.567532, 0.698905, -0.285995, -0.839705, 0.393399, -0.24154,
 0.377881, -0.399803, 0.901348, -0.145707, 0.937118, -0.297998, -0.108535,
 0.377881, 0.399803, 0.901348, -0.108535, -0.297998, 0.937118, -0.145707,
 0.39889, -0.372037, 0.908767, -0.0418855, -0.890686, -0.431374, -0.137276,
 0.39889, 0.372037, 0.908767, -0.0418855, 0.890686, -0.431374, 0.137276,
 0.451847, -0.318295, 0.926726, -0.297898, -0.742696, -0.24844, 0.54584,
 0.436708, -0.305809, 0.922865, 0.301692, -0.518311, -0.370556, -0.709245,
 0.436708, 0.305809, 0.922865, -0.370556, 0.709245, -0.301692, -0.518311,
 0.451847, 0.318295, 0.926726, 0.24844, 0.54584, -0.297898, 0.742696,
 0.515841, -0.256544, 0.948282, -0.27541, 0.532741, 0.334645, 0.726879,
 0.479436, -0.226517, 0.938997, 0.334645, 0.726879, 0.27541, -0.532741,
 0.479436, 0.226517, 0.938997, -0.27541, -0.532741, 0.334645, -0.726879,
 0.515841, 0.256544, 0.948281, 0.334645, -0.726879, 0.27541, 0.532741,
 0.487006, -0.23276, 0.940927, 0.0674513, -0.934838, 0.324783, -0.126686,
 0.508271, 0.2503, 0.946351, -0.126686, 0.324783, -0.934838, 0.0674513,
 -0.0282159, 0.00517696, 0.272424, 1, 0, 0, 0,
 0, 0, 0, 1, 0, 0, 0,
 -0.29, 0, 0.851, 1, 0, 0, 0,
 0.21838, 0.225407, 0.180919, 1, 0, 0, 0,
 0.224225, 0.270791, 0.0789213, 1, 0, 0, 0,
 0.224225, 0.172791, 0.0789213, 1, 0, 0, 0,
 0.21838, -0.223793, 0.180919, 1, 0, 0, 0,
 0.224225, -0.178409, 0.0789213, 1, 0, 0, 0,
 0.224225, -0.276409, 0.0789213, 1, 0, 0, 0,
 -0.23082, 0.225407, 0.180919, 1, 0, 0, 0,
 -0.224975, 0.270791, 0.0789213, 1, 0, 0, 0,
 -0.224975, 0.172791, 0.0789213, 1, 0, 0, 0,
 -0.23082, -0.223793, 0.180919, 1, 0, 0, 0,
 -0.224975, -0.178409, 0.0789213, 1, 0, 0, 0,
 -0.224975, -0.276409, 0.0789213, 1, 0, 0, 0,
 -0.116563, -0.00108579, 1.01135, -1, 0, 0, -0,
 -0.026643, 0.000777182, 1.26448, -1, 0, 0, -0,
 0.03954, 0.00096181, 1.36052, 0.980067, 0, 0.198669, 0,
 0.0474159, 1.43584e-08, 1.3225, 0.980067, 0, 0.198669, 0,
 0.0474159, 1.43584e-08, 1.3225, 0.980067, 0, 0.198669, 0,
 0.0479407, 8.16945e-09, 1.34942, 0.980067, 0, 0.198669, 0,
 -0.0538428, 0.00394506, 1.57636, 0.980067, 0, 0.198669, 0,
 -0.0208361, 0.0124999, 1.5983, 0.980067, 0, 0.198669, 0,
 -0.0208361, -0.0175001, 1.5983, 0.980067, 0, 0.198669, 0,
 -0.0524158, 0.0124999, 1.56005, 0.980067, 0, 0.198669, 0,
 0.0472586, -0.00300578, 1.12989, 1, 0, -0, 0,
 -0.0448562, -0.191235, 0.722545, -0.877583, 0, 0, 0.479426,
 0.033844, -0.320941, 0.877835, 0.850301, 0.118612, 0.217118, -0.464522,
 0.061539, -0.361528, 0.832555, 0.803075, -0.303564, 0.413242, -0.303564,
 0.144326, -0.497476, 0.743806, 0.803075, -0.303564, 0.413242, -0.303564,
 0.244854, -0.51539, 0.746781, -0.285995, 0.839705, 0.393399, 0.24154,
 0.210596, -0.556788, 0.714328, -0.781635, 0.419457, 0.452489, -0.0914241,
 0.318984, -0.452781, 0.833042, -0.285995, 0.839705, 0.393399, 0.24154,
 0.376423, -0.402433, 0.902914, 0.179776, -0.873359, -0.451926, -0.0262847,
 0.417531, -0.34752, 0.916464, -0.0418855, -0.890686, -0.431374, -0.137276,
 0.451216, -0.303233, 0.927257, -0.0418855, -0.890686, -0.431374, -0.137276,
 0.39889, -0.372037, 0.908767, -0.0418855, -0.890686, -0.431374, -0.137276,
 0.493236, -0.291834, 0.940276, 0.0349722, 0.911133, 0.386319, 0.139198,
 0.45184, -0.257573, 0.929275, -0.868013, 0.0486941, 0.135011, -0.475351,
 0.521172, -0.250676, 0.950242, -0.0418855, -0.890686, -0.431374, -0.137276,
 0.483703, -0.219702, 0.940425, 0.890686, -0.0418855, -0.137276, 0.431374,
 -0.0491989, 0.194023, 0.722545, -0.877583, 0, 0, -0.479426,
 0.0359917, 0.319562, 0.877835, 0.850301, -0.118612, 0.217118, 0.464522,
 0.0614936, 0.361649, 0.832696, 0.803075, 0.303564, 0.413242, 0.303564,
 0.144615, 0.496706, 0.742906, 0.803075, 0.303564, 0.413242, 0.303564,
 0.245654, 0.515918, 0.746491, -0.285995, -0.839705, 0.393399, -0.24154,
 0.210883, 0.556023, 0.713434, -0.781635, -0.419457, 0.452489, 0.0914241,
 0.317879, 0.452053, 0.833444, -0.285995, -0.839705, 0.393399, -0.24154,
 0.376795, 0.402679, 0.902779, 0.179776, 0.873359, -0.451926, 0.0262847,
 0.417092, 0.347158, 0.916352, -0.0418855, 0.890686, -0.431374, 0.137276,
 0.450881, 0.302957, 0.927172, -0.0418855, 0.890686, -0.431374, 0.137276,
 0.39889, 0.372037, 0.908767, -0.0418855, 0.890686, -0.431374, 0.137276,
 0.45172, 0.257591, 0.929687, 0.0486941, -0.868013, 0.475351, -0.135011,
 0.493356, 0.291815, 0.939863, 0.911133, 0.0349722, -0.139198, -0.386319,
 0.483632, 0.219713, 0.940668, -0.0418855, 0.890686, -0.431374, 0.137276,
 0.521242, 0.250665, 0.949999, -0.890686, -0.0418855, 0.137276, 0.431374,
 0, 0, 0.18, 1, 0, 0, 0,
 -0.13, 0, 0.55, 1, 0, 0, 0,
 0.108979, -0.435596, 0.78456, 0.803075, -0.303564, 0.413242, -0.303564,
 0.31419, -0.457802, 0.831344, -0.29955, 0.830764, 0.383179, 0.270698,
 0.469707, -0.278444, 0.933776, -0.0418855, -0.890686, -0.431374, -0.137276,
 0.108979, 0.435596, 0.78456, 0.803075, 0.303564, 0.413242, 0.303564,
 0.31419, 0.457802, 0.831344, -0.29955, -0.830764, 0.383179, -0.270698,
 0.469707, 0.278444, 0.933776, -0.0418855, 0.890686, -0.431374, 0.137276,
 0.508271, 0.2503, 0.946351, 0.0418855, -0.890686, 0.431374, -0.137276,
 0.487006, -0.23276, 0.940927, 0.0418855, 0.890686, 0.431374, 0.137276,
 0.404791, -0.364237, 0.910851, -0.579725, -0.753368, 0.191417, 0.244376,
 0.404791, 0.364237, 0.910851, 0.031525, 0.437371, -0.64258, -0.628336,
 0, 0, 0, 1, 0, 0, 0,
 0.15, 0, 0.890675, 1, 0, -1.11022e-16, 0,
 0.121345, 4.95118e-08, 1.3515, -0.589368, -0.390699, 0.390699, 0.589368,
 0.55, 0, 0.790675, 0.707107, 5.55112e-17, -5.55112e-17, -0.707107,
 0.093713, 3.09449e-08, 1.36318, 0.390699, -0.589368, 0.589368, -0.390699,
 -0.0208361, -0.0175001, 1.5983, 0.589368, 0.390699, -0.390699, -0.589368,
 0.0472586, -0.00300578, 1.12989, 0.5, -0.5, 0.5, -0.5,
 0.505116, -0.231648, 0.94628, 0.140075, -0.319237, -0.708725, 0.613335,
 0.505116, 0.231648, 0.94628, -0.613335, 0.708725, 0.319237, -0.140075,
 0, 0, 0, 1, 0, 0, 0,
 -0.0500001, 0, 0.890675, 0.707107, 0, -0.707107, 0,
 -0.05, 0, 0.790675, 0.707107, 0, -0.707107, 0,
 -0.0670703, 0, 1.27213, 0.707107, 0, -0.707107, 0,
 -0.0670703, 0, 1.27213, 0.707107, 0, -0.707107, 0,
 0.0489299, 0, 1.11768, -0.707107, 0, 0, -0.707107,
 0.0489299, 0, 1.11768, -0.707107, 0, 0, -0.707107,
 -0.0500001, -0.188, 0.890675, 0.620545, -0.339005, -0.620545, -0.339005,
 -0.0500001, -0.188, 0.890675, 0.707107, 0, -0.707107, 0,
 -0.0500001, 0.188, 0.890675, 0.620545, 0.339005, -0.620545, 0.339005,
 -0.0500001, 0.188, 0.890675, 0.707107, 0, -0.707107, 0,
 0.000929734, 0, 1.27213, -0.693012, -0.14048, -0.14048, -0.693012,
 0.000929734, 0, 1.27213, -0.707107, 0, 0, -0.707107,
 0.0040302, -0.272147, 0.890675, -0.92972, -0.237396, -0.069654, -0.272787,
 0.0040302, -0.272147, 0.890675, -0.95955, 0, 2.77556e-17, -0.28154,
 0.0040302, 0.272147, 0.890675, -0.272787, -0.069654, -0.237396, -0.92972,
 0.0040302, 0.272147, 0.890675, -0.28154, -5.55112e-17, 0, -0.95955,
 0.0040302, -0.272147, 0.890675, 0.803075, -0.303564, 0.413242, -0.303564,
 0.0040302, -0.272147, 0.890675, 0.850301, 0.118612, 0.217118, -0.464522,
 0.0040302, 0.272147, 0.890675, 0.803075, 0.303564, 0.413242, 0.303564,
 0.0040302, 0.272147, 0.890675, 0.850301, -0.118612, 0.217118, 0.464522,
 0.193694, -0.567532, 0.698905, 0.488053, -0.616559, -0.0233568, 0.617346,
 0.193694, -0.567532, 0.698905, 0.782512, 0.0775539, 0.506859, 0.353207,
 0.193694, 0.567532, 0.698905, 0.617346, -0.0233568, -0.616559, 0.488053,
 0.193694, 0.567532, 0.698905, 0.353207, 0.506859, 0.0775539, 0.782512,
 0.193694, -0.567532, 0.698905, -0.285995, 0.839705, 0.393399, 0.24154,
 0.193694, -0.567532, 0.698905, -0.781635, 0.419457, 0.452489, -0.0914241,
 0.193694, 0.567532, 0.698905, -0.285995, -0.839705, 0.393399, -0.24154,
 0.193694, 0.567532, 0.698905, -0.781635, -0.419457, 0.452489, 0.0914241,
 0.377881, -0.399803, 0.901348, -0.145707, 0.937118, -0.297998, -0.108535,
 0.377881, -0.399803, 0.901348, -0.373024, 0.871937, -0.315586, -0.0314346,
 0.377881, 0.399803, 0.901348, -0.108535, -0.297998, 0.937118, -0.145707,
 0.377881, 0.399803, 0.901348, -0.0314346, -0.315586, 0.871937, -0.373024,
 0.377881, -0.399803, 0.901348, -0.0418855, -0.890686, -0.431374, -0.137276,
 0.377881, -0.399803, 0.901348, 0.179776, -0.873359, -0.451926, -0.0262847,
 0.377881, 0.399803, 0.901348, -0.0418855, 0.890686, -0.431374, 0.137276,
 0.377881, 0.399803, 0.901348, 0.179776, 0.873359, -0.451926, 0.0262847,
 0.451847, -0.318295, 0.926726, -0.297898, -0.742696, -0.24844, 0.54584,
 0.451847, -0.318295, 0.926726, -0.334645, -0.726879, -0.27541, 0.532741,
 0.436708, -0.305809, 0.922865, 0.301692, -0.518311, -0.370556, -0.709245,
 0.436708, -0.305809, 0.922865, 0.27541, -0.532741, -0.334645, -0.726879,
 0.436708, 0.305809, 0.922865, -0.370556, 0.709245, -0.301692, -0.518311,
 0.436708, 0.305809, 0.922865, -0.334645, 0.726879, -0.27541, -0.532741,
 0.451847, 0.318295, 0.926726, 0.24844, 0.54584, -0.297898, 0.742696,
 0.451847, 0.318295, 0.926726, 0.27541, 0.532741, -0.334645, 0.726879,
 0.515841, -0.256544, 0.948282, -0.27541, 0.532741, 0.334645, 0.726879,
 0.515841, -0.256544, 0.948282, -0.24844, 0.54584, 0.297898, 0.742696,
 0.479436, -0.226517, 0.938997, 0.334645, 0.726879, 0.27541, -0.532741,
 0.479436, -0.226517, 0.938997, 0.370556, 0.709245, 0.301692, -0.518311,
 0.479436, 0.226517, 0.938997, -0.27541, -0.532741, 0.334645, -0.726879,
 0.479436, 0.226517, 0.938997, -0.301692, -0.518311, 0.370556, -0.709245,
 0.515841, 0.256544, 0.948281, 0.334645, -0.726879, 0.27541, 0.532741,
 0.515841, 0.256544, 0.948281, 0.297898, -0.742696, 0.24844, 0.54584,
 0.487006, -0.23276, 0.940927, 0.0674513, -0.934838, 0.324783, -0.126686,
 0.479436, -0.226517, 0.938997, 0.0674513, -0.934838, 0.324783, -0.126686,
 0.508271, 0.2503, 0.946351, -0.126686, 0.324783, -0.934838, 0.0674513,
 0.515841, 0.256544, 0.948281, -0.126686, 0.324783, -0.934838, 0.0674513,
 -0.3, 1.1, 0.75, 0.707107, 0, 0, 0.707107,
 -1.1805e-05, 1.15001, 0.750006, -0.707108, -2.77556e-17, 2.77556e-17, -0.707108,
 0.299997, 0.850005, 0.749998, -0.707108, -8.32667e-17, 2.77556e-17, -0.707108,
 0.1, 1.1, 0.6, 0.707107, 0, 0, 0.707107,
 0.8, 0, 0.6, 1, 0, 0, 0,
 -0.3, 1.1, 0.75, 0.707107, 0, 0, 0.707107,
 -1.1805e-05, 1.15001, 0.750006, -0.707108, -2.77556e-17, 2.77556e-17, -0.707108,
 0.299997, 0.850005, 0.749998, -0.707108, -8.32667e-17, 2.77556e-17, -0.707108,
 
0, 0, 0, 1, 0, 0, 0,
 0, 0, 0, 1, 0, 0, 0,
 -0.0500001, 0, 0.890675, 0.707107, 0, -0.707107, 0,
 -0.0670703, 0, 1.27213, 0.707107, 0, -0.707107, 0,
 0.0489299, 0, 1.11768, -0.707107, 0, 0, -0.707107,
 -0.0500001, -0.188, 0.890675, 0.620545, -0.339005, -0.620545, -0.339005,
 -0.0500001, 0.188, 0.890675, 0.620545, 0.339005, -0.620545, 0.339005,
 0.000929734, 0, 1.27213, -0.693012, -0.14048, -0.14048, -0.693012,
 0.0040302, -0.272147, 0.890675, -0.92972, -0.237396, -0.069654, -0.272787,
 0.0040302, 0.272147, 0.890675, -0.272787, -0.069654, -0.237396, -0.92972,
 0.0040302, -0.272147, 0.890675, 0.803075, -0.303564, 0.413242, -0.303564,
 0.0040302, 0.272147, 0.890675, 0.803075, 0.303564, 0.413242, 0.303564,
 0.193694, -0.567532, 0.698905, 0.488053, -0.616559, -0.0233568, 0.617346,
 0.193694, 0.567532, 0.698905, 0.617346, -0.0233568, -0.616559, 0.488053,
 0.193694, -0.567532, 0.698905, -0.285995, 0.839705, 0.393399, 0.24154,
 0.193694, 0.567532, 0.698905, -0.285995, -0.839705, 0.393399, -0.24154,
 0.377881, -0.399803, 0.901348, -0.145707, 0.937118, -0.297998, -0.108535,
 0.377881, 0.399803, 0.901348, -0.108535, -0.297998, 0.937118, -0.145707,
 0.39889, -0.372037, 0.908767, -0.0418855, -0.890686, -0.431374, -0.137276,
 0.39889, 0.372037, 0.908767, -0.0418855, 0.890686, -0.431374, 0.137276,
 0.451847, -0.318295, 0.926726, -0.297898, -0.742696, -0.24844, 0.54584,
 0.436708, -0.305809, 0.922865, 0.301692, -0.518311, -0.370556, -0.709245,
 0.436708, 0.305809, 0.922865, -0.370556, 0.709245, -0.301692, -0.518311,
 0.451847, 0.318295, 0.926726, 0.24844, 0.54584, -0.297898, 0.742696,
 0.515841, -0.256544, 0.948282, -0.27541, 0.532741, 0.334645, 0.726879,
 0.479436, -0.226517, 0.938997, 0.334645, 0.726879, 0.27541, -0.532741,
 0.479436, 0.226517, 0.938997, -0.27541, -0.532741, 0.334645, -0.726879,
 0.515841, 0.256544, 0.948281, 0.334645, -0.726879, 0.27541, 0.532741,
 0.487006, -0.23276, 0.940927, 0.0674513, -0.934838, 0.324783, -0.126686,
 0.508271, 0.2503, 0.946351, -0.126686, 0.324783, -0.934838, 0.0674513,
 -0.0282159, 0.00517696, 0.272424, 1, 0, 0, 0,
 0, 0, 0, 1, 0, 0, 0,
 -0.29, 0, 0.851, 1, 0, 0, 0,
 0.21838, 0.225407, 0.180919, 1, 0, 0, 0,
 0.224225, 0.270791, 0.0789213, 1, 0, 0, 0,
 0.224225, 0.172791, 0.0789213, 1, 0, 0, 0,
 0.21838, -0.223793, 0.180919, 1, 0, 0, 0,
 0.224225, -0.178409, 0.0789213, 1, 0, 0, 0,
 0.224225, -0.276409, 0.0789213, 1, 0, 0, 0,
 -0.23082, 0.225407, 0.180919, 1, 0, 0, 0,
 -0.224975, 0.270791, 0.0789213, 1, 0, 0, 0,
 -0.224975, 0.172791, 0.0789213, 1, 0, 0, 0,
 -0.23082, -0.223793, 0.180919, 1, 0, 0, 0,
 -0.224975, -0.178409, 0.0789213, 1, 0, 0, 0,
 -0.224975, -0.276409, 0.0789213, 1, 0, 0, 0,
 -0.116563, -0.00108579, 1.01135, -1, 0, 0, -0,
 -0.026643, 0.000777182, 1.26448, -1, 0, 0, -0,
 0.03954, 0.00096181, 1.36052, 0.980067, 0, 0.198669, 0,
 0.0474159, 1.43584e-08, 1.3225, 0.980067, 0, 0.198669, 0,
 0.0474159, 1.43584e-08, 1.3225, 0.980067, 0, 0.198669, 0,
 0.0479407, 8.16945e-09, 1.34942, 0.980067, 0, 0.198669, 0,
 -0.0538428, 0.00394506, 1.57636, 0.980067, 0, 0.198669, 0,
 -0.0208361, 0.0124999, 1.5983, 0.980067, 0, 0.198669, 0,
 -0.0208361, -0.0175001, 1.5983, 0.980067, 0, 0.198669, 0,
 -0.0524158, 0.0124999, 1.56005, 0.980067, 0, 0.198669, 0,
 0.0472586, -0.00300578, 1.12989, 1, 0, -0, 0,
 -0.0448562, -0.191235, 0.722545, -0.877583, 0, 0, 0.479426,
 0.033844, -0.320941, 0.877835, 0.850301, 0.118612, 0.217118, -0.464522,
 0.061539, -0.361528, 0.832555, 0.803075, -0.303564, 0.413242, -0.303564,
 0.144326, -0.497476, 0.743806, 0.803075, -0.303564, 0.413242, -0.303564,
 0.244854, -0.51539, 0.746781, -0.285995, 0.839705, 0.393399, 0.24154,
 0.210596, -0.556788, 0.714328, -0.781635, 0.419457, 0.452489, -0.0914241,
 0.318984, -0.452781, 0.833042, -0.285995, 0.839705, 0.393399, 0.24154,
 0.376423, -0.402433, 0.902914, 0.179776, -0.873359, -0.451926, -0.0262847,
 0.417531, -0.34752, 0.916464, -0.0418855, -0.890686, -0.431374, -0.137276,
 0.451216, -0.303233, 0.927257, -0.0418855, -0.890686, -0.431374, -0.137276,
 0.39889, -0.372037, 0.908767, -0.0418855, -0.890686, -0.431374, -0.137276,
 0.493236, -0.291834, 0.940276, 0.0349722, 0.911133, 0.386319, 0.139198,
 0.45184, -0.257573, 0.929275, -0.868013, 0.0486941, 0.135011, -0.475351,
 0.521172, -0.250676, 0.950242, -0.0418855, -0.890686, -0.431374, -0.137276,
 0.483703, -0.219702, 0.940425, 0.890686, -0.0418855, -0.137276, 0.431374,
 -0.0491989, 0.194023, 0.722545, -0.877583, 0, 0, -0.479426,
 0.0359917, 0.319562, 0.877835, 0.850301, -0.118612, 0.217118, 0.464522,
 0.0614936, 0.361649, 0.832696, 0.803075, 0.303564, 0.413242, 0.303564,
 0.144615, 0.496706, 0.742906, 0.803075, 0.303564, 0.413242, 0.303564,
 0.245654, 0.515918, 0.746491, -0.285995, -0.839705, 0.393399, -0.24154,
 0.210883, 0.556023, 0.713434, -0.781635, -0.419457, 0.452489, 0.0914241,
 0.317879, 0.452053, 0.833444, -0.285995, -0.839705, 0.393399, -0.24154,
 0.376795, 0.402679, 0.902779, 0.179776, 0.873359, -0.451926, 0.0262847,
 0.417092, 0.347158, 0.916352, -0.0418855, 0.890686, -0.431374, 0.137276,
 0.450881, 0.302957, 0.927172, -0.0418855, 0.890686, -0.431374, 0.137276,
 0.39889, 0.372037, 0.908767, -0.0418855, 0.890686, -0.431374, 0.137276,
 0.45172, 0.257591, 0.929687, 0.0486941, -0.868013, 0.475351, -0.135011,
 0.493356, 0.291815, 0.939863, 0.911133, 0.0349722, -0.139198, -0.386319,
 0.483632, 0.219713, 0.940668, -0.0418855, 0.890686, -0.431374, 0.137276,
 0.521242, 0.250665, 0.949999, -0.890686, -0.0418855, 0.137276, 0.431374,
 0, 0, 0.18, 1, 0, 0, 0,
 -0.13, 0, 0.55, 1, 0, 0, 0,
 0.108979, -0.435596, 0.78456, 0.803075, -0.303564, 0.413242, -0.303564,
 0.31419, -0.457802, 0.831344, -0.29955, 0.830764, 0.383179, 0.270698,
 0.469707, -0.278444, 0.933776, -0.0418855, -0.890686, -0.431374, -0.137276,
 0.108979, 0.435596, 0.78456, 0.803075, 0.303564, 0.413242, 0.303564,
 0.31419, 0.457802, 0.831344, -0.29955, -0.830764, 0.383179, -0.270698,
 0.469707, 0.278444, 0.933776, -0.0418855, 0.890686, -0.431374, 0.137276,
 0.508271, 0.2503, 0.946351, 0.0418855, -0.890686, 0.431374, -0.137276,
 0.487006, -0.23276, 0.940927, 0.0418855, 0.890686, 0.431374, 0.137276,
 0.404791, -0.364237, 0.910851, -0.579725, -0.753368, 0.191417, 0.244376,
 0.404791, 0.364237, 0.910851, 0.031525, 0.437371, -0.64258, -0.628336,
 0, 0, 0, 1, 0, 0, 0,
 0.15, 0, 0.890675, 1, 0, -1.11022e-16, 0,
 0.121345, 4.95118e-08, 1.3515, -0.589368, -0.390699, 0.390699, 0.589368,
 0.55, 0, 0.790675, 0.707107, 5.55112e-17, -5.55112e-17, -0.707107,
 0.093713, 3.09449e-08, 1.36318, 0.390699, -0.589368, 0.589368, -0.390699,
 -0.0208361, -0.0175001, 1.5983, 0.589368, 0.390699, -0.390699, -0.589368,
 0.0472586, -0.00300578, 1.12989, 0.5, -0.5, 0.5, -0.5,
 0.505116, -0.231648, 0.94628, 0.140075, -0.319237, -0.708725, 0.613335,
 0.505116, 0.231648, 0.94628, -0.613335, 0.708725, 0.319237, -0.140075,
 0, 0, 0, 1, 0, 0, 0,
 -0.0500001, 0, 0.890675, 0.707107, 0, -0.707107, 0,
 -0.05, 0, 0.790675, 0.707107, 0, -0.707107, 0,
 -0.0670703, 0, 1.27213, 0.707107, 0, -0.707107, 0,
 -0.0670703, 0, 1.27213, 0.707107, 0, -0.707107, 0,
 0.0489299, 0, 1.11768, -0.707107, 0, 0, -0.707107,
 0.0489299, 0, 1.11768, -0.707107, 0, 0, -0.707107,
 -0.0500001, -0.188, 0.890675, 0.620545, -0.339005, -0.620545, -0.339005,
 -0.0500001, -0.188, 0.890675, 0.707107, 0, -0.707107, 0,
 -0.0500001, 0.188, 0.890675, 0.620545, 0.339005, -0.620545, 0.339005,
 -0.0500001, 0.188, 0.890675, 0.707107, 0, -0.707107, 0,
 0.000929734, 0, 1.27213, -0.693012, -0.14048, -0.14048, -0.693012,
 0.000929734, 0, 1.27213, -0.707107, 0, 0, -0.707107,
 0.0040302, -0.272147, 0.890675, -0.92972, -0.237396, -0.069654, -0.272787,
 0.0040302, -0.272147, 0.890675, -0.95955, 0, 2.77556e-17, -0.28154,
 0.0040302, 0.272147, 0.890675, -0.272787, -0.069654, -0.237396, -0.92972,
 0.0040302, 0.272147, 0.890675, -0.28154, -5.55112e-17, 0, -0.95955,
 0.0040302, -0.272147, 0.890675, 0.803075, -0.303564, 0.413242, -0.303564,
 0.0040302, -0.272147, 0.890675, 0.850301, 0.118612, 0.217118, -0.464522,
 0.0040302, 0.272147, 0.890675, 0.803075, 0.303564, 0.413242, 0.303564,
 0.0040302, 0.272147, 0.890675, 0.850301, -0.118612, 0.217118, 0.464522,
 0.193694, -0.567532, 0.698905, 0.488053, -0.616559, -0.0233568, 0.617346,
 0.193694, -0.567532, 0.698905, 0.782512, 0.0775539, 0.506859, 0.353207,
 0.193694, 0.567532, 0.698905, 0.617346, -0.0233568, -0.616559, 0.488053,
 0.193694, 0.567532, 0.698905, 0.353207, 0.506859, 0.0775539, 0.782512,
 0.193694, -0.567532, 0.698905, -0.285995, 0.839705, 0.393399, 0.24154,
 0.193694, -0.567532, 0.698905, -0.781635, 0.419457, 0.452489, -0.0914241,
 0.193694, 0.567532, 0.698905, -0.285995, -0.839705, 0.393399, -0.24154,
 0.193694, 0.567532, 0.698905, -0.781635, -0.419457, 0.452489, 0.0914241,
 0.377881, -0.399803, 0.901348, -0.145707, 0.937118, -0.297998, -0.108535,
 0.377881, -0.399803, 0.901348, -0.373024, 0.871937, -0.315586, -0.0314346,
 0.377881, 0.399803, 0.901348, -0.108535, -0.297998, 0.937118, -0.145707,
 0.377881, 0.399803, 0.901348, -0.0314346, -0.315586, 0.871937, -0.373024,
 0.377881, -0.399803, 0.901348, -0.0418855, -0.890686, -0.431374, -0.137276,
 0.377881, -0.399803, 0.901348, 0.179776, -0.873359, -0.451926, -0.0262847,
 0.377881, 0.399803, 0.901348, -0.0418855, 0.890686, -0.431374, 0.137276,
 0.377881, 0.399803, 0.901348, 0.179776, 0.873359, -0.451926, 0.0262847,
 0.451847, -0.318295, 0.926726, -0.297898, -0.742696, -0.24844, 0.54584,
 0.451847, -0.318295, 0.926726, -0.334645, -0.726879, -0.27541, 0.532741,
 0.436708, -0.305809, 0.922865, 0.301692, -0.518311, -0.370556, -0.709245,
 0.436708, -0.305809, 0.922865, 0.27541, -0.532741, -0.334645, -0.726879,
 0.436708, 0.305809, 0.922865, -0.370556, 0.709245, -0.301692, -0.518311,
 0.436708, 0.305809, 0.922865, -0.334645, 0.726879, -0.27541, -0.532741,
 0.451847, 0.318295, 0.926726, 0.24844, 0.54584, -0.297898, 0.742696,
 0.451847, 0.318295, 0.926726, 0.27541, 0.532741, -0.334645, 0.726879,
 0.515841, -0.256544, 0.948282, -0.27541, 0.532741, 0.334645, 0.726879,
 0.515841, -0.256544, 0.948282, -0.24844, 0.54584, 0.297898, 0.742696,
 0.479436, -0.226517, 0.938997, 0.334645, 0.726879, 0.27541, -0.532741,
 0.479436, -0.226517, 0.938997, 0.370556, 0.709245, 0.301692, -0.518311,
 0.479436, 0.226517, 0.938997, -0.27541, -0.532741, 0.334645, -0.726879,
 0.479436, 0.226517, 0.938997, -0.301692, -0.518311, 0.370556, -0.709245,
 0.515841, 0.256544, 0.948281, 0.334645, -0.726879, 0.27541, 0.532741,
 0.515841, 0.256544, 0.948281, 0.297898, -0.742696, 0.24844, 0.54584,
 0.487006, -0.23276, 0.940927, 0.0674513, -0.934838, 0.324783, -0.126686,
 0.479436, -0.226517, 0.938997, 0.0674513, -0.934838, 0.324783, -0.126686,
 0.508271, 0.2503, 0.946351, -0.126686, 0.324783, -0.934838, 0.0674513,
 0.515841, 0.256544, 0.948281, -0.126686, 0.324783, -0.934838, 0.0674513,
 -0.3, 1.1, 0.75, 0.707107, 0, 0, 0.707107,
 -1.1805e-05, 1.15001, 0.750006, -0.707108, -2.77556e-17, 2.77556e-17, -0.707108,
 0.299999, 0.850003, 0.900006, -0.707108, -2.77556e-17, 2.77556e-17, -0.707108,
 0.1, 1.1, 0.6, 0.707107, 0, 0, 0.707107,
 0.8, 0, 0.6, 1, 0, 0, 0,
 -0.3, 1.1, 0.75, 0.707107, 0, 0, 0.707107,
 -1.1805e-05, 1.15001, 0.750006, -0.707108, -2.77556e-17, 2.77556e-17, -0.707108,
 0.299999, 0.850003, 0.900006, -0.707108, -2.77556e-17, 2.77556e-17, -0.707108,
 ], x:[[0, 0, 0, 0.1, 0, 0, -1, 1, 0.4, 0.5, 0.5, -1, 1, -2, -2, -1.5, 1.5, -0.5, -0.5, -0.5, 0.5, 0.1, 0.1, 0.01, 0.01, 1.28284, 0.10696, -0.7386, -0.53274, -0.726877, -0.275409, 0.334644, 0.192904, 0.103524, 0.64423, 0.53274, 0.726877, -0.275409, 0.334644], [0, 0, 0, 0.1, 0, 0, -1, 1, 0.4, 0.5, 0.5, -1, 1, -2, -2, -1.5, 1.5, -0.5, -0.5, -0.5, 0.5, 0.1, 0.1, 0.01, 0.01, 1.28284, 0.10696, -0.7386, -0.53274, -0.726877, -0.275409, 0.334644, -0.300007, -0.300009, 0]], dual:[] },
QuaternionNorms:{ order:0, type:eq, feature:QuaternionNorms, vars:[1, 1] },
qItself#46:{ order:1, type:sos, feature:"qItself#46", vars:[1, 1] },
qItself#46:{ order:0, type:sos, feature:"qItself#46", vars:[1, 1] },
qZeroVel-green:{ order:1, type:eq, feature:"qZeroVel-green" },
TM_NoJumpToParent-1-green:{ order:1, type:eq, feature:"TM_NoJumpToParent-1-green" },
TM_NoJumpToParent-1-blue:{ order:1, type:eq, feature:"TM_NoJumpToParent-1-blue", vars:[1] },
TM_NoJumpToParent-1-blue:{ order:1, type:eq, feature:"TM_NoJumpToParent-1-blue", vars:[0, 1] },
AboveBox:blue:green:{ order:0, type:ineq, feature:"AboveBox:blue:green", vars:[0, 1] },
PairCollision-pr2L-blue:{ order:0, type:eq, feature:"PairCollision-pr2L-blue", vars:[0, 1] },
PairCollision-blue-green:{ order:0, type:eq, feature:"PairCollision-blue-green", vars:[0, 1] },
ProxyCost:{ order:0, type:sos, feature:ProxyCost, vars:[1, 1] }}KOMO_run_log: [
{ lagrangianQuery: True, errors: [0.250563, 3.40309, 49.6184] },
{ lineSearch: 0, alpha: 1, beta: 1, f_x: 3283.08, f_y: 1280.17, wolfe: 1, accept: True },
{ newton: 1, evaluations: 2, f_x: 1280.17, alpha: 1.5 },
{ lagrangianQuery: True, errors: [0.616145, 2.03622, 22.1828] },
{ lineSearch: 0, alpha: 1, beta: 1, f_x: 1280.17, f_y: 252.728, wolfe: 1, accept: True },
{ newton: 2, evaluations: 3, f_x: 252.728, alpha: 1.5 },
{ lagrangianQuery: True, errors: [3.75129, 1.46803, 14.7134] },
{ lineSearch: 0, alpha: 1, beta: 1, f_x: 252.728, f_y: 121.079, wolfe: 1, accept: True },
{ newton: 3, evaluations: 4, f_x: 121.079, alpha: 1.5 },
{ lagrangianQuery: True, errors: [0.12473, 1.25242, 11.7761] },
{ lineSearch: 0, alpha: 1, beta: 1, f_x: 121.079, f_y: 81.7877, wolfe: 1, accept: True },
{ newton: 4, evaluations: 5, f_x: 81.7877, alpha: 1.5 },
{ lagrangianQuery: True, errors: [0.0113789, 0.74796, 3.27218] },
{ lineSearch: 0, alpha: 1, beta: 1, f_x: 81.7877, f_y: 6.88635, wolfe: 1, accept: True },
{ newton: 5, evaluations: 6, f_x: 6.88635, alpha: 1.5 },
{ lagrangianQuery: True, errors: [0.0465022, 0.610402, 0.0784854] },
{ lineSearch: 0, alpha: 1, beta: 1, f_x: 6.88635, f_y: 0.239892, wolfe: 1, accept: True },
{ newton: 6, evaluations: 7, f_x: 0.239892, alpha: 1.5 },
{ lagrangianQuery: True, errors: [0.102812, 0.17703, 0.816823] },
{ lineSearch: 0, alpha: 1, beta: 1, f_x: 0.239892, f_y: 0.638522, wolfe: 0, accept: False },
{ lagrangianQuery: True, errors: [0.0210903, 0.393716, 0.373041] },
{ lineSearch: 1, alpha: 0.5, beta: 1, f_x: 0.239892, f_y: 0.208616, wolfe: 1, accept: True },
{ newton: 7, evaluations: 9, f_x: 0.208616, alpha: 0.75 },
{ lagrangianQuery: True, errors: [0.156785, 0.100389, 0.551322] },
{ lineSearch: 0, alpha: 0.75, beta: 1, f_x: 0.208616, f_y: 0.427026, wolfe: 0, accept: False },
{ lagrangianQuery: True, errors: [0.0572063, 0.247053, 0.450765] },
{ lineSearch: 1, alpha: 0.375, beta: 1, f_x: 0.208616, f_y: 0.265475, wolfe: 0, accept: False },
{ lagrangianQuery: True, errors: [0.027302, 0.320384, 0.402029] },
{ lineSearch: 2, alpha: 0.1875, beta: 1, f_x: 0.208616, f_y: 0.213909, wolfe: 0, accept: False },
{ lagrangianQuery: True, errors: [0.0193154, 0.35705, 0.37748] },
{ lineSearch: 3, alpha: 0.09375, beta: 1, f_x: 0.208616, f_y: 0.198656, wolfe: 1, accept: True },
{ newton: 8, evaluations: 13, f_x: 0.198656, alpha: 0.140625 },
{ lagrangianQuery: True, errors: [0.0189012, 0.307113, 0.33666] },
{ lineSearch: 0, alpha: 0.140625, beta: 1, f_x: 0.198656, f_y: 0.152875, wolfe: 1, accept: True },
{ newton: 9, evaluations: 14, f_x: 0.152875, alpha: 0.210938 },
{ lagrangianQuery: True, errors: [0.0194792, 0.242798, 0.281835] },
{ lineSearch: 0, alpha: 0.210938, beta: 1, f_x: 0.152875, f_y: 0.10432, wolfe: 1, accept: True },
{ newton: 10, evaluations: 15, f_x: 0.10432, alpha: 0.316406 },
{ lagrangianQuery: True, errors: [0.0189634, 0.166228, 0.235442] },
{ lineSearch: 0, alpha: 0.316406, beta: 1, f_x: 0.10432, f_y: 0.0640666, wolfe: 1, accept: True },
{ newton: 11, evaluations: 16, f_x: 0.0640666, alpha: 0.474609 },
{ lagrangianQuery: True, errors: [0.0189634, 0.166228, 0.235442] },
{ optConstraint: 1, mu: 5, nu: 5, L_x_beforeUpdate: 0.0640666, L_x_afterUpdate: 0.334686, errors: [0.0189634, 0.166228, 0.235442], lambda: [-2.65826e-07, 0.00274784, 0, 0, 0, 0, 0, 0, 0, 0, 0, 0, 0, 0, 0, 0, 0, 0, 0, 0, 0, 0, 0, 0, 0, 0, 0, 0, 0, 0, 0, 0, 0, 0, 0, 0, 0, 0, 0, 0, 0, 0, 0, 0, 0, 0, 0, 0, 0, 0, 0, 0, 0.000220291, -0.0080928, -0.00500341, 3.63123e-05, -0.00572386, -0.000301804, 0.000100695, 0, 0.00108357, 0, 0, 0, 0, 0, 0, 0, 0, 0, 0, 0, 0, 0, 0, 0, 0, 0, 0, 0, 0, 0, 0, 0, 0, 0, 0, 0, 0, 0, 0, 0, 0, 0, 0, 0, 0, 0, 0, 0, 0, 0, 0, 0, 0, 0, 0, 0, 0, 0, 0, -0.00400195, -0.0668541, 0.0146325, -0.00790504, 0.00870061, -0.00131563, -0.000571499, 0, 0.198843, 0, 0.133612, -0.343584, -8.78872e-06, 0] },
{ lagrangianQuery: True, errors: [0.149044, 0.0718027, 0.375921] },
{ lineSearch: 0, alpha: 0.474609, beta: 1, f_x: 0.334686, f_y: 0.78268, wolfe: 0, accept: False },
{ lagrangianQuery: True, errors: [0.0465617, 0.119015, 0.299014] },
{ lineSearch: 1, alpha: 0.237305, beta: 1, f_x: 0.334686, f_y: 0.489086, wolfe: 0, accept: False },
{ lagrangianQuery: True, errors: [0.0209408, 0.142621, 0.263217] },
{ lineSearch: 2, alpha: 0.118652, beta: 1, f_x: 0.334686, f_y: 0.386166, wolfe: 0, accept: False },
{ lagrangianQuery: True, errors: [0.0183994, 0.154424, 0.24588] },
{ lineSearch: 3, alpha: 0.0593262, beta: 1, f_x: 0.334686, f_y: 0.350305, wolfe: 0, accept: False },
{ lagrangianQuery: True, errors: [0.01865, 0.160326, 0.237297] },
{ lineSearch: 4, alpha: 0.0296631, beta: 1, f_x: 0.334686, f_y: 0.335228, wolfe: 0, accept: False },
{ lagrangianQuery: True, errors: [0.0188074, 0.163277, 0.234034] },
{ lineSearch: 5, alpha: 0.0148315, beta: 1, f_x: 0.334686, f_y: 0.330137, wolfe: 1, accept: True },
{ newton: 12, evaluations: 22, f_x: 0.330137, alpha: 0.0222473 },
{ lagrangianQuery: True, errors: [0.0189025, 0.158914, 0.230258] },
{ lineSearch: 0, alpha: 0.0222473, beta: 1, f_x: 0.330137, f_y: 0.320008, wolfe: 1, accept: True },
{ newton: 13, evaluations: 23, f_x: 0.320008, alpha: 0.033371 },
{ lagrangianQuery: True, errors: [0.0192581, 0.152511, 0.221742] },
{ lineSearch: 0, alpha: 0.033371, beta: 1, f_x: 0.320008, f_y: 0.30041, wolfe: 1, accept: True },
{ newton: 14, evaluations: 24, f_x: 0.30041, alpha: 0.0500565 },
{ lagrangianQuery: True, errors: [0.0195321, 0.143225, 0.210027] },
{ lineSearch: 0, alpha: 0.0500565, beta: 1, f_x: 0.30041, f_y: 0.273068, wolfe: 1, accept: True },
{ newton: 15, evaluations: 25, f_x: 0.273068, alpha: 0.0750847 },
{ lagrangianQuery: True, errors: [0.0200154, 0.129993, 0.193407] },
{ lineSearch: 0, alpha: 0.0750847, beta: 1, f_x: 0.273068, f_y: 0.236705, wolfe: 1, accept: True },
{ newton: 16, evaluations: 26, f_x: 0.236705, alpha: 0.112627 },
{ lagrangianQuery: True, errors: [0.0200154, 0.129993, 0.193407] },
{ optConstraint: 2, mu: 25, nu: 25, L_x_beforeUpdate: 0.236705, L_x_afterUpdate: 1.1037, errors: [0.0200154, 0.129993, 0.193407], lambda: [-1.30556e-06, 0.0138738, 0, 0, 0, 0, 0, 0, 0, 0, 0, 0, 0, 0, 0, 0, 0, 0, 0, 0, 0, 0, 0, 0, 0, 0, 0, 0, 0, 0, 0, 0, 0, 0, 0, 0, 0, 0, 0, 0, 0, 0, 0, 0, 0, 0, 0, 0, 0, 0, 0, 0, 0.00128195, -0.0397176, -0.0265067, 0.000218996, -0.0301333, -0.00123182, 0.000814979, 0, 0.00541888, 0, 0, 0, 0, 0, 0, 0, 0, 0, 0, 0, 0, 0, 0, 0, 0, 0, 0, 0, 0, 0, 0, 0, 0, 0, 0, 0, 0, 0, 0, 0, 0, 0, 0, 0, 0, 0, 0, 0, 0, 0, 0, 0, 0, 0, 0, 0, 0, 0, 0, -0.0196703, -0.360098, 0.0752672, -0.0423865, 0.0470685, -0.00840342, -0.00441425, 0, 0.976318, 0, 0.656069, -1.72839, -5.50041e-05, 0] },
{ lagrangianQuery: True, errors: [0.0212904, 0.111681, 0.169746] },
{ lineSearch: 0, alpha: 0.112627, beta: 1, f_x: 1.1037, f_y: 0.88883, wolfe: 1, accept: True },
{ newton: 17, evaluations: 27, f_x: 0.88883, alpha: 0.168941 },
{ lagrangianQuery: True, errors: [0.0223094, 0.0873044, 0.134224] },
{ lineSearch: 0, alpha: 0.168941, beta: 1, f_x: 0.88883, f_y: 0.607815, wolfe: 1, accept: True },
{ newton: 18, evaluations: 28, f_x: 0.607815, alpha: 0.253411 },
{ lagrangianQuery: True, errors: [0.0234047, 0.0569178, 0.0986627] },
{ lineSearch: 0, alpha: 0.253411, beta: 1, f_x: 0.607815, f_y: 0.369307, wolfe: 1, accept: True },
{ newton: 19, evaluations: 29, f_x: 0.369307, alpha: 0.380116 },
{ lagrangianQuery: True, errors: [0.0267247, 0.0228823, 0.0486411] },
{ lineSearch: 0, alpha: 0.380116, beta: 1, f_x: 0.369307, f_y: 0.140263, wolfe: 1, accept: True },
{ newton: 20, evaluations: 30, f_x: 0.140263, alpha: 0.570174 },
{ lagrangianQuery: True, errors: [0.0264918, 0, 0.0148651] },
{ lineSearch: 0, alpha: 0.570174, beta: 1, f_x: 0.140263, f_y: 0.0103206, wolfe: 1, accept: True },
{ newton: 21, evaluations: 31, f_x: 0.0103206, alpha: 0.855262 },
{ lagrangianQuery: True, errors: [0.0244818, 0, 0.0387432] },
{ lineSearch: 0, alpha: 0.855262, beta: 1, f_x: 0.0103206, f_y: -0.0161873, wolfe: 1, accept: True },
{ newton: 22, evaluations: 32, f_x: -0.0161873, alpha: 1.28289 },
{ lagrangianQuery: True, errors: [0.0939374, 0, 0.496679] },
{ lineSearch: 0, alpha: 1, beta: 1, f_x: -0.0161873, f_y: 4.30858, wolfe: 0, accept: False },
{ lagrangianQuery: True, errors: [0.0349102, 0, 0.150149] },
{ lineSearch: 1, alpha: 0.5, beta: 1, f_x: -0.0161873, f_y: 0.613138, wolfe: 0, accept: False },
{ lagrangianQuery: True, errors: [0.0214899, 0, 0.0485808] },
{ lineSearch: 2, alpha: 0.25, beta: 1, f_x: -0.0161873, f_y: 0.101253, wolfe: 0, accept: False },
{ lagrangianQuery: True, errors: [0.0226326, 0, 0.0193071] },
{ lineSearch: 3, alpha: 0.125, beta: 1, f_x: -0.0161873, f_y: 0.0187789, wolfe: 0, accept: False },
{ lagrangianQuery: True, errors: [0.023283, 0, 0.025345] },
{ lineSearch: 4, alpha: 0.0625, beta: 1, f_x: -0.0161873, f_y: -0.00613674, wolfe: 0, accept: False },
{ lagrangianQuery: True, errors: [0.0236954, 0, 0.0344727] },
{ lineSearch: 5, alpha: 0.03125, beta: 1, f_x: -0.0161873, f_y: -0.0143282, wolfe: 0, accept: False },
{ newton: 23, evaluations: 38, f_x: -0.0161873, alpha: 0.015625 },
{ lagrangianQuery: True, errors: [0.0240904, 0, 0.0376982] },
{ lineSearch: 0, alpha: 0.015625, beta: 1, f_x: -0.0161873, f_y: -0.0160527, wolfe: 0, accept: False },
{ newton: 24, evaluations: 39, f_x: -0.0161873, alpha: 0.0078125 },
{ lagrangianQuery: True, errors: [0.0242866, 0, 0.0384995] },
{ lineSearch: 0, alpha: 0.0078125, beta: 1, f_x: -0.0161873, f_y: -0.0162877, wolfe: 1, accept: True },
{ newton: 25, evaluations: 40, f_x: -0.0162877, alpha: 0.0117188 },
{ lagrangianQuery: True, errors: [0.0240252, 0, 0.0381105] },
{ lineSearch: 0, alpha: 0.0117188, beta: 1, f_x: -0.0162877, f_y: -0.0163909, wolfe: 1, accept: True },
{ newton: 26, evaluations: 41, f_x: -0.0163909, alpha: 0.0175781 },
{ lagrangianQuery: True, errors: [0.0237776, 0, 0.0377633] },
{ lineSearch: 0, alpha: 0.0175781, beta: 1, f_x: -0.0163909, f_y: -0.0165374, wolfe: 1, accept: True },
{ newton: 27, evaluations: 42, f_x: -0.0165374, alpha: 0.0263672 },
{ lagrangianQuery: True, errors: [0.0236957, 0, 0.0374473] },
{ lineSearch: 0, alpha: 0.0263672, beta: 1, f_x: -0.0165374, f_y: -0.0166031, wolfe: 1, accept: True },
{ newton: 28, evaluations: 43, f_x: -0.0166031, alpha: 0.0395508 },
{ lagrangianQuery: True, errors: [0.0236957, 0, 0.0374473] },
{ optConstraint: 3, mu: 125, nu: 125, L_x_beforeUpdate: -0.0166031, L_x_afterUpdate: 0.129766, errors: [0.0236957, 0, 0.0374473], lambda: [-1.30147e-07, 0.0855562, 0, 0, 0, 0, 0, 0, 0, 0, 0, 0, 0, 0, 0, 0, 0, 0, 0, 0, 0, 0, 0, 0, 0, 0, 0, 0, 0, 0, 0, 0, 0, 0, 0, 0, 0, 0, 0, 0, 0, 0, 0, 0, 0, 0, 0, 0, 0, 0, 0, 0, 0.00320528, 0.0906995, 0.0303364, 0.00112177, -0.0157493, -0.0127968, 0.159665, 0, 0.0223276, 0, 0, 0, 0, 0, 0, 0, 0, 0, 0, 0, 0, 0, 0, 0, 0, 0, 0, 0, 0, 0, 0, 0, 0, 0, 0, 0, 0, 0, 0, 0, 0, 0, 0, 0, 0, 0, 0, 0, 0, 0, 0, 0, 0, 0, 0, 0, 0, 0, 0, 0.0161205, -0.216633, 0.00356658, -0.0271123, 0.0252787, -0.0133642, -0.00152119, 0, 0.0970168, 0, 0.0652148, -0.615644, -0.000318348, 0] },
{ lagrangianQuery: True, errors: [0.0236208, 0, 0.0360371] },
{ lineSearch: 0, alpha: 0.0395508, beta: 1, f_x: 0.129766, f_y: 0.121336, wolfe: 1, accept: True },
{ newton: 29, evaluations: 44, f_x: 0.121336, alpha: 0.0593262 },
{ lagrangianQuery: True, errors: [0.0232899, 0, 0.0339533] },
{ lineSearch: 0, alpha: 0.0593262, beta: 1, f_x: 0.121336, f_y: 0.109504, wolfe: 1, accept: True },
{ newton: 30, evaluations: 45, f_x: 0.109504, alpha: 0.0889893 },
{ lagrangianQuery: True, errors: [0.0228466, 0, 0.031021] },
{ lineSearch: 0, alpha: 0.0889893, beta: 1, f_x: 0.109504, f_y: 0.0939808, wolfe: 1, accept: True },
{ newton: 31, evaluations: 46, f_x: 0.0939808, alpha: 0.133484 },
{ lagrangianQuery: True, errors: [0.0226906, 0, 0.0264757] },
{ lineSearch: 0, alpha: 0.133484, beta: 1, f_x: 0.0939808, f_y: 0.0726614, wolfe: 1, accept: True },
{ newton: 32, evaluations: 47, f_x: 0.0726614, alpha: 0.200226 },
{ lagrangianQuery: True, errors: [0.0216645, 0, 0.0208281] },
{ lineSearch: 0, alpha: 0.200226, beta: 1, f_x: 0.0726614, f_y: 0.0511474, wolfe: 1, accept: True },
{ newton: 33, evaluations: 48, f_x: 0.0511474, alpha: 0.300339 },
{ lagrangianQuery: True, errors: [0.0216645, 0, 0.0208281] },
{ optConstraint: 4, mu: 625, nu: 625, L_x_beforeUpdate: 0.0511474, L_x_afterUpdate: 0.149785, errors: [0.0216645, 0, 0.0208281], lambda: [3.27826e-06, 0.308705, 0, 0, 0, 0, 0, 0, 0, 0, 0, 0, 0, 0, 0, 0, 0, 0, 0, 0, 0, 0, 0, 0, 0, 0, 0, 0, 0, 0, 0, 0, 0, 0, 0, 0, 0, 0, 0, 0, 0, 0, 0, 0, 0, 0, 0, 0, 0, 0, 0, 0, 0.032337, 0.452524, 0.188847, 0.005728, 0.035428, -0.0397542, 0.577014, 0, 0.075726, 0, 0, 0, 0, 0, 0, 0, 0, 0, 0, 0, 0, 0, 0, 0, 0, 0, 0, 0, 0, 0, 0, 0, 0, 0, 0, 0, 0, 0, 0, 0, 0, 0, 0, 0, 0, 0, 0, 0, 0, 0, 0, 0, 0, 0, 0, 0, 0, 0, 0, 0.11551, 0.22887, -0.196931, 0.0186067, -0.0396062, -0.0253737, 0.0049272, 0, 0, 0, 0, 2.38945, -0.00169418, 0] },
{ lagrangianQuery: True, errors: [0.0202569, 0, 0.0139216] },
{ lineSearch: 0, alpha: 0.300339, beta: 1, f_x: 0.149785, f_y: 0.0791189, wolfe: 1, accept: True },
{ newton: 34, evaluations: 49, f_x: 0.0791189, alpha: 0.450508 },
{ lagrangianQuery: True, errors: [0.0198226, 0.000610332, 0.0127609] },
{ lineSearch: 0, alpha: 0.450508, beta: 1, f_x: 0.0791189, f_y: 0.0329614, wolfe: 1, accept: True },
{ newton: 35, evaluations: 50, f_x: 0.0329614, alpha: 0.675762 },
{ lagrangianQuery: True, errors: [0.0174713, 0.000197725, 0.00761147] },
{ lineSearch: 0, alpha: 0.675762, beta: 1, f_x: 0.0329614, f_y: 0.0194443, wolfe: 1, accept: True },
{ newton: 36, evaluations: 51, f_x: 0.0194443, alpha: 1.01364 },
{ lagrangianQuery: True, errors: [0.0118797, 0.0680528, 0.186601] },
{ lineSearch: 0, alpha: 1, beta: 1, f_x: 0.0194443, f_y: 19.5935, wolfe: 0, accept: False },
{ lagrangianQuery: True, errors: [0.0142839, 0.0225722, 0.0754438] },
{ lineSearch: 1, alpha: 0.5, beta: 1, f_x: 0.0194443, f_y: 3.21866, wolfe: 0, accept: False },
{ lagrangianQuery: True, errors: [0.0159925, 0.000148353, 0.0284785] },
{ lineSearch: 2, alpha: 0.25, beta: 1, f_x: 0.0194443, f_y: 0.367375, wolfe: 0, accept: False },
{ lagrangianQuery: True, errors: [0.0167642, 0.000173039, 0.0164112] },
{ lineSearch: 3, alpha: 0.125, beta: 1, f_x: 0.0194443, f_y: 0.0887869, wolfe: 0, accept: False },
{ lagrangianQuery: True, errors: [0.0171262, 0.000185382, 0.0113372] },
{ lineSearch: 4, alpha: 0.0625, beta: 1, f_x: 0.0194443, f_y: 0.0343739, wolfe: 0, accept: False },
{ newton: 37, evaluations: 56, f_x: 0.0194443, alpha: 0.03125 },
{ lagrangianQuery: True, errors: [0.0173009, 0.000191553, 0.00899898] },
{ lineSearch: 0, alpha: 0.03125, beta: 1, f_x: 0.0194443, f_y: 0.0225161, wolfe: 0, accept: False },
{ newton: 38, evaluations: 57, f_x: 0.0194443, alpha: 0.015625 },
{ lagrangianQuery: True, errors: [0.0173867, 0.000194639, 0.00794319] },
{ lineSearch: 0, alpha: 0.015625, beta: 1, f_x: 0.0194443, f_y: 0.0198675, wolfe: 0, accept: False },
{ newton: 39, evaluations: 58, f_x: 0.0194443, alpha: 0.0078125 },
{ lagrangianQuery: True, errors: [0.0174291, 0.000196182, 0.00766676] },
{ lineSearch: 0, alpha: 0.0078125, beta: 1, f_x: 0.0194443, f_y: 0.0194711, wolfe: 0, accept: False },
{ newton: 40, evaluations: 59, f_x: 0.0194443, alpha: 0.00390625 },
{ lagrangianQuery: True, errors: [0.0174502, 0.000196953, 0.00761147] },
{ lineSearch: 0, alpha: 0.00390625, beta: 1, f_x: 0.0194443, f_y: 0.0194213, wolfe: 1, accept: True },
{ newton: 41, evaluations: 60, f_x: 0.0194213, alpha: 0.00585938 },
{ lagrangianQuery: True, errors: [0.017423, 0.0001958, 0.00761364] },
{ lineSearch: 0, alpha: 0.00585938, beta: 1, f_x: 0.0194213, f_y: 0.0193955, wolfe: 1, accept: True },
{ newton: 42, evaluations: 61, f_x: 0.0193955, alpha: 0.00878906 },
{ lagrangianQuery: True, errors: [0.017423, 0.0001958, 0.00761364] },
{ optConstraint: 5, mu: 3125, nu: 3125, L_x_beforeUpdate: 0.0193955, L_x_afterUpdate: 0.0646765, errors: [0.017423, 0.0001958, 0.00761364], lambda: [2.50855e-06, 1.71318, 0, 0, 0, 0, 0, 0, 0, 0, 0, 0, 0, 0, 0, 0, 0, 0, 0, 0, 0, 0, 0, 0, 0, 0, 0, 0, 0, 0, 0, 0, 0, 0, 0, 0, 0, 0, 0, 0, 0, 0, 0, 0, 0, 0, 0, 0, 0, 0, 0, 0, 0.468307, 1.47298, 0.323083, 0.0288636, 0.14636, -0.256134, 1.90655, 0, 0.444862, 0, 0, 0, 0, 0, 0, 0, 0, 0, 0, 0, 0, 0, 0, 0, 0, 0, 0, 0, 0, 0, 0, 0, 0, 0, 0, 0, 0, 0, 0, 0, 0, 0, 0, 0, 0, 0, 0, 0, 0, 0, 0, 0, 0, 0, 0, 0, 0, 0, 0, 0.304095, 0.119979, -0.491014, 0.01576, -0.0915336, -0.0359057, 0.143515, 0, 0, 0, 0.24475, -1.2801, -0.00947824, 0] },
{ lagrangianQuery: True, errors: [0.0173896, 0.000193734, 0.00758824] },
{ lineSearch: 0, alpha: 0.00878906, beta: 1, f_x: 0.0646765, f_y: 0.0648586, wolfe: 0, accept: False },
{ newton: 43, evaluations: 62, f_x: 0.0646765, alpha: 0.00439453 },
{ lagrangianQuery: True, errors: [0.0174063, 0.000194767, 0.00758749] },
{ lineSearch: 0, alpha: 0.00439453, beta: 1, f_x: 0.0646765, f_y: 0.0645014, wolfe: 1, accept: True },
{ newton: 44, evaluations: 63, f_x: 0.0645014, alpha: 0.0065918 },
{ lagrangianQuery: True, errors: [0.0173833, 0.000193224, 0.00754741] },
{ lineSearch: 0, alpha: 0.0065918, beta: 1, f_x: 0.0645014, f_y: 0.0642217, wolfe: 1, accept: True },
{ newton: 45, evaluations: 64, f_x: 0.0642217, alpha: 0.0098877 },
{ lagrangianQuery: True, errors: [0.0173515, 0.000190925, 0.0074796] },
{ lineSearch: 0, alpha: 0.0098877, beta: 1, f_x: 0.0642217, f_y: 0.0636473, wolfe: 1, accept: True },
{ newton: 46, evaluations: 65, f_x: 0.0636473, alpha: 0.0148315 },
{ lagrangianQuery: True, errors: [0.0173062, 0.00018751, 0.00736269] },
{ lineSearch: 0, alpha: 0.0148315, beta: 1, f_x: 0.0636473, f_y: 0.0624788, wolfe: 1, accept: True },
{ newton: 47, evaluations: 66, f_x: 0.0624788, alpha: 0.0222473 },
{ lagrangianQuery: True, errors: [0.0172395, 0.000182463, 0.00717703] },
{ lineSearch: 0, alpha: 0.0222473, beta: 1, f_x: 0.0624788, f_y: 0.0605114, wolfe: 1, accept: True },
{ newton: 48, evaluations: 67, f_x: 0.0605114, alpha: 0.033371 },

] #end of KOMO_run_log
