SKELETON:
  initial (pr2R) from 0 to 3
  initial (pr2L) from 0 to 3
  initial (red) from 0 to 3
  initial (green) from 0 to 3
  initial (blue) from 0 to 3
  initial (table1) from 0 to 3
  initial (table2) from 0 to 3
  touch (pr2R red) from 1 to 3
  stable (pr2R red) from 1 to 3
  touch (pr2L green) from 2 to 2
  stable (pr2L green) from 2 to 2
  above (green red) from 3 to 3
  stableOn (red green) from 3 to 3
  touch (pr2L green) from 3 to 3
  touch (green red) from 3 to 3
SWITCHES:
  START  -->  stable (pr2R red) from 1 to 3
  START  -->  stable (pr2L green) from 2 to 2
  stable (pr2L green) from 2 to 2  -->  stableOn (red green) from 3 to 3
KOMO Problem:
  x-dim:74  dual-dim:0
  T:2 k:1 phases:2 stepsPerPhase:1 tau:10
  #configurations:3 q-dims: (0..0)32 (1..1)39 (2..2)35
    times:[10, 20]
  usingSwift:1
    TASK 'QuaternionNorms' ([1, 1])  type:eq  order:0  target:[]  scale:[3]
    TASK 'qItself#46' ([1, 1])  type:sos  order:1  target:[]  scale:[0.316228, 0.316228, 0.316228, 94.8683, 0.00316228, 0.0316228, 0.0316228, 0.0316228, 0.00316228, 0.0316228, 0.0316228, 0.0316228, 0.0316228, 0.0316228, 0.0316228, 0.0316228, 0.0316228, 0.0316228, 0.0316228, 0.0316228, 0.0316228, 0.0316228, 0.0316228, 0.0316228, 0.0316228]
    TASK 'qItself#46' ([1, 1])  type:sos  order:0  target:[]  scale:[0.0316228]
    TASK 'qZeroVel-red' ()  type:eq  order:1  target:[]  scale:[10]
    TASK 'TM_NoJumpToParent-1-red' ()  type:eq  order:1  target:[]  scale:[100]
    TASK 'TM_NoJumpToParent-1-green' ([1])  type:eq  order:1  target:[]  scale:[100]
    TASK 'TM_NoJumpToParent-1-green' ([0, 1])  type:eq  order:1  target:[]  scale:[100]
    TASK 'AboveBox:green:red' ([0, 1])  type:ineq  order:0  target:[]  scale:[10]
    TASK 'PairCollision-pr2L-green' ([0, 1])  type:eq  order:0  target:[]  scale:[100]
    TASK 'PairCollision-green-red' ([0, 1])  type:eq  order:0  target:[]  scale:[100]
    TASK 'ProxyCost' ([1, 1])  type:sos  order:0  target:[]  scale:[10]
    SWITCH  timeOfApplication=-1  symbol=joint  jointType=free  fromId=105  toId=164
    SWITCH  timeOfApplication=0  symbol=joint  jointType=free  fromId=106  toId=165
    SWITCH  timeOfApplication=1  symbol=joint  jointType=transXYPhi  fromId=164  toId=165
{KOMO_specs:{ x_dim:74, T:2, k_order:1, tau:10, useSwift, X:[
0, 0, 0, 1, 0, 0, 0,
 0, 0, 0, 1, 0, 0, 0,
 -0.0500001, 0, 0.890675, 0.707107, 0, -0.707107, 0,
 -0.0670703, 0, 1.27213, 0.707107, 0, -0.707107, 0,
 0.0489299, 0, 1.11768, -0.707107, 0, 0, -0.707107,
 -0.0500001, -0.188, 0.890675, 0.620545, -0.339005, -0.620545, -0.339005,
 -0.0500001, 0.188, 0.890675, 0.620545, 0.339005, -0.620545, 0.339005,
 0.000929734, 0, 1.27213, -0.693012, -0.14048, -0.14048, -0.693012,
 0.0040302, -0.272147, 0.890675, -0.92972, -0.237396, -0.069654, -0.272787,
 0.0040302, 0.272147, 0.890675, -0.272787, -0.069654, -0.237396, -0.92972,
 0.0040302, -0.272147, 0.890675, 0.803075, -0.303564, 0.413242, -0.303564,
 0.0040302, 0.272147, 0.890675, 0.803075, 0.303564, 0.413242, 0.303564,
 0.193694, -0.567532, 0.698905, 0.488053, -0.616559, -0.0233568, 0.617346,
 0.193694, 0.567532, 0.698905, 0.617346, -0.0233568, -0.616559, 0.488053,
 0.193694, -0.567532, 0.698905, -0.285995, 0.839705, 0.393399, 0.24154,
 0.193694, 0.567532, 0.698905, -0.285995, -0.839705, 0.393399, -0.24154,
 0.377881, -0.399803, 0.901348, -0.145707, 0.937118, -0.297998, -0.108535,
 0.377881, 0.399803, 0.901348, -0.108535, -0.297998, 0.937118, -0.145707,
 0.39889, -0.372037, 0.908767, -0.0418855, -0.890686, -0.431374, -0.137276,
 0.39889, 0.372037, 0.908767, -0.0418855, 0.890686, -0.431374, 0.137276,
 0.451847, -0.318295, 0.926726, -0.297898, -0.742696, -0.24844, 0.54584,
 0.436708, -0.305809, 0.922865, 0.301692, -0.518311, -0.370556, -0.709245,
 0.436708, 0.305809, 0.922865, -0.370556, 0.709245, -0.301692, -0.518311,
 0.451847, 0.318295, 0.926726, 0.24844, 0.54584, -0.297898, 0.742696,
 0.515841, -0.256544, 0.948282, -0.27541, 0.532741, 0.334645, 0.726879,
 0.479436, -0.226517, 0.938997, 0.334645, 0.726879, 0.27541, -0.532741,
 0.479436, 0.226517, 0.938997, -0.27541, -0.532741, 0.334645, -0.726879,
 0.515841, 0.256544, 0.948281, 0.334645, -0.726879, 0.27541, 0.532741,
 0.487006, -0.23276, 0.940927, 0.0674513, -0.934838, 0.324783, -0.126686,
 0.508271, 0.2503, 0.946351, -0.126686, 0.324783, -0.934838, 0.0674513,
 -0.0282159, 0.00517696, 0.272424, 1, 0, 0, 0,
 0, 0, 0, 1, 0, 0, 0,
 -0.29, 0, 0.851, 1, 0, 0, 0,
 0.21838, 0.225407, 0.180919, 1, 0, 0, 0,
 0.224225, 0.270791, 0.0789213, 1, 0, 0, 0,
 0.224225, 0.172791, 0.0789213, 1, 0, 0, 0,
 0.21838, -0.223793, 0.180919, 1, 0, 0, 0,
 0.224225, -0.178409, 0.0789213, 1, 0, 0, 0,
 0.224225, -0.276409, 0.0789213, 1, 0, 0, 0,
 -0.23082, 0.225407, 0.180919, 1, 0, 0, 0,
 -0.224975, 0.270791, 0.0789213, 1, 0, 0, 0,
 -0.224975, 0.172791, 0.0789213, 1, 0, 0, 0,
 -0.23082, -0.223793, 0.180919, 1, 0, 0, 0,
 -0.224975, -0.178409, 0.0789213, 1, 0, 0, 0,
 -0.224975, -0.276409, 0.0789213, 1, 0, 0, 0,
 -0.116563, -0.00108579, 1.01135, -1, 0, 0, -0,
 -0.026643, 0.000777182, 1.26448, -1, 0, 0, -0,
 0.03954, 0.00096181, 1.36052, 0.980067, 0, 0.198669, 0,
 0.0474159, 1.43584e-08, 1.3225, 0.980067, 0, 0.198669, 0,
 0.0474159, 1.43584e-08, 1.3225, 0.980067, 0, 0.198669, 0,
 0.0479407, 8.16945e-09, 1.34942, 0.980067, 0, 0.198669, 0,
 -0.0538428, 0.00394506, 1.57636, 0.980067, 0, 0.198669, 0,
 -0.0208361, 0.0124999, 1.5983, 0.980067, 0, 0.198669, 0,
 -0.0208361, -0.0175001, 1.5983, 0.980067, 0, 0.198669, 0,
 -0.0524158, 0.0124999, 1.56005, 0.980067, 0, 0.198669, 0,
 0.0472586, -0.00300578, 1.12989, 1, 0, -0, 0,
 -0.0448562, -0.191235, 0.722545, -0.877583, 0, 0, 0.479426,
 0.033844, -0.320941, 0.877835, 0.850301, 0.118612, 0.217118, -0.464522,
 0.061539, -0.361528, 0.832555, 0.803075, -0.303564, 0.413242, -0.303564,
 0.144326, -0.497476, 0.743806, 0.803075, -0.303564, 0.413242, -0.303564,
 0.244854, -0.51539, 0.746781, -0.285995, 0.839705, 0.393399, 0.24154,
 0.210596, -0.556788, 0.714328, -0.781635, 0.419457, 0.452489, -0.0914241,
 0.318984, -0.452781, 0.833042, -0.285995, 0.839705, 0.393399, 0.24154,
 0.376423, -0.402433, 0.902914, 0.179776, -0.873359, -0.451926, -0.0262847,
 0.417531, -0.34752, 0.916464, -0.0418855, -0.890686, -0.431374, -0.137276,
 0.451216, -0.303233, 0.927257, -0.0418855, -0.890686, -0.431374, -0.137276,
 0.39889, -0.372037, 0.908767, -0.0418855, -0.890686, -0.431374, -0.137276,
 0.493236, -0.291834, 0.940276, 0.0349722, 0.911133, 0.386319, 0.139198,
 0.45184, -0.257573, 0.929275, -0.868013, 0.0486941, 0.135011, -0.475351,
 0.521172, -0.250676, 0.950242, -0.0418855, -0.890686, -0.431374, -0.137276,
 0.483703, -0.219702, 0.940425, 0.890686, -0.0418855, -0.137276, 0.431374,
 -0.0491989, 0.194023, 0.722545, -0.877583, 0, 0, -0.479426,
 0.0359917, 0.319562, 0.877835, 0.850301, -0.118612, 0.217118, 0.464522,
 0.0614936, 0.361649, 0.832696, 0.803075, 0.303564, 0.413242, 0.303564,
 0.144615, 0.496706, 0.742906, 0.803075, 0.303564, 0.413242, 0.303564,
 0.245654, 0.515918, 0.746491, -0.285995, -0.839705, 0.393399, -0.24154,
 0.210883, 0.556023, 0.713434, -0.781635, -0.419457, 0.452489, 0.0914241,
 0.317879, 0.452053, 0.833444, -0.285995, -0.839705, 0.393399, -0.24154,
 0.376795, 0.402679, 0.902779, 0.179776, 0.873359, -0.451926, 0.0262847,
 0.417092, 0.347158, 0.916352, -0.0418855, 0.890686, -0.431374, 0.137276,
 0.450881, 0.302957, 0.927172, -0.0418855, 0.890686, -0.431374, 0.137276,
 0.39889, 0.372037, 0.908767, -0.0418855, 0.890686, -0.431374, 0.137276,
 0.45172, 0.257591, 0.929687, 0.0486941, -0.868013, 0.475351, -0.135011,
 0.493356, 0.291815, 0.939863, 0.911133, 0.0349722, -0.139198, -0.386319,
 0.483632, 0.219713, 0.940668, -0.0418855, 0.890686, -0.431374, 0.137276,
 0.521242, 0.250665, 0.949999, -0.890686, -0.0418855, 0.137276, 0.431374,
 0, 0, 0.18, 1, 0, 0, 0,
 -0.13, 0, 0.55, 1, 0, 0, 0,
 0.108979, -0.435596, 0.78456, 0.803075, -0.303564, 0.413242, -0.303564,
 0.31419, -0.457802, 0.831344, -0.29955, 0.830764, 0.383179, 0.270698,
 0.469707, -0.278444, 0.933776, -0.0418855, -0.890686, -0.431374, -0.137276,
 0.108979, 0.435596, 0.78456, 0.803075, 0.303564, 0.413242, 0.303564,
 0.31419, 0.457802, 0.831344, -0.29955, -0.830764, 0.383179, -0.270698,
 0.469707, 0.278444, 0.933776, -0.0418855, 0.890686, -0.431374, 0.137276,
 0.508271, 0.2503, 0.946351, 0.0418855, -0.890686, 0.431374, -0.137276,
 0.487006, -0.23276, 0.940927, 0.0418855, 0.890686, 0.431374, 0.137276,
 0.404791, -0.364237, 0.910851, -0.579725, -0.753368, 0.191417, 0.244376,
 0.404791, 0.364237, 0.910851, 0.031525, 0.437371, -0.64258, -0.628336,
 0, 0, 0, 1, 0, 0, 0,
 0.15, 0, 0.890675, 1, 0, -1.11022e-16, 0,
 0.121345, 4.95118e-08, 1.3515, -0.589368, -0.390699, 0.390699, 0.589368,
 0.55, 0, 0.790675, 0.707107, 5.55112e-17, -5.55112e-17, -0.707107,
 0.093713, 3.09449e-08, 1.36318, 0.390699, -0.589368, 0.589368, -0.390699,
 -0.0208361, -0.0175001, 1.5983, 0.589368, 0.390699, -0.390699, -0.589368,
 0.0472586, -0.00300578, 1.12989, 0.5, -0.5, 0.5, -0.5,
 0.505116, -0.231648, 0.94628, 0.140075, -0.319237, -0.708725, 0.613335,
 0.505116, 0.231648, 0.94628, -0.613335, 0.708725, 0.319237, -0.140075,
 0, 0, 0, 1, 0, 0, 0,
 -0.0500001, 0, 0.890675, 0.707107, 0, -0.707107, 0,
 -0.05, 0, 0.790675, 0.707107, 0, -0.707107, 0,
 -0.0670703, 0, 1.27213, 0.707107, 0, -0.707107, 0,
 -0.0670703, 0, 1.27213, 0.707107, 0, -0.707107, 0,
 0.0489299, 0, 1.11768, -0.707107, 0, 0, -0.707107,
 0.0489299, 0, 1.11768, -0.707107, 0, 0, -0.707107,
 -0.0500001, -0.188, 0.890675, 0.620545, -0.339005, -0.620545, -0.339005,
 -0.0500001, -0.188, 0.890675, 0.707107, 0, -0.707107, 0,
 -0.0500001, 0.188, 0.890675, 0.620545, 0.339005, -0.620545, 0.339005,
 -0.0500001, 0.188, 0.890675, 0.707107, 0, -0.707107, 0,
 0.000929734, 0, 1.27213, -0.693012, -0.14048, -0.14048, -0.693012,
 0.000929734, 0, 1.27213, -0.707107, 0, 0, -0.707107,
 0.0040302, -0.272147, 0.890675, -0.92972, -0.237396, -0.069654, -0.272787,
 0.0040302, -0.272147, 0.890675, -0.95955, 0, 2.77556e-17, -0.28154,
 0.0040302, 0.272147, 0.890675, -0.272787, -0.069654, -0.237396, -0.92972,
 0.0040302, 0.272147, 0.890675, -0.28154, -5.55112e-17, 0, -0.95955,
 0.0040302, -0.272147, 0.890675, 0.803075, -0.303564, 0.413242, -0.303564,
 0.0040302, -0.272147, 0.890675, 0.850301, 0.118612, 0.217118, -0.464522,
 0.0040302, 0.272147, 0.890675, 0.803075, 0.303564, 0.413242, 0.303564,
 0.0040302, 0.272147, 0.890675, 0.850301, -0.118612, 0.217118, 0.464522,
 0.193694, -0.567532, 0.698905, 0.488053, -0.616559, -0.0233568, 0.617346,
 0.193694, -0.567532, 0.698905, 0.782512, 0.0775539, 0.506859, 0.353207,
 0.193694, 0.567532, 0.698905, 0.617346, -0.0233568, -0.616559, 0.488053,
 0.193694, 0.567532, 0.698905, 0.353207, 0.506859, 0.0775539, 0.782512,
 0.193694, -0.567532, 0.698905, -0.285995, 0.839705, 0.393399, 0.24154,
 0.193694, -0.567532, 0.698905, -0.781635, 0.419457, 0.452489, -0.0914241,
 0.193694, 0.567532, 0.698905, -0.285995, -0.839705, 0.393399, -0.24154,
 0.193694, 0.567532, 0.698905, -0.781635, -0.419457, 0.452489, 0.0914241,
 0.377881, -0.399803, 0.901348, -0.145707, 0.937118, -0.297998, -0.108535,
 0.377881, -0.399803, 0.901348, -0.373024, 0.871937, -0.315586, -0.0314346,
 0.377881, 0.399803, 0.901348, -0.108535, -0.297998, 0.937118, -0.145707,
 0.377881, 0.399803, 0.901348, -0.0314346, -0.315586, 0.871937, -0.373024,
 0.377881, -0.399803, 0.901348, -0.0418855, -0.890686, -0.431374, -0.137276,
 0.377881, -0.399803, 0.901348, 0.179776, -0.873359, -0.451926, -0.0262847,
 0.377881, 0.399803, 0.901348, -0.0418855, 0.890686, -0.431374, 0.137276,
 0.377881, 0.399803, 0.901348, 0.179776, 0.873359, -0.451926, 0.0262847,
 0.451847, -0.318295, 0.926726, -0.297898, -0.742696, -0.24844, 0.54584,
 0.451847, -0.318295, 0.926726, -0.334645, -0.726879, -0.27541, 0.532741,
 0.436708, -0.305809, 0.922865, 0.301692, -0.518311, -0.370556, -0.709245,
 0.436708, -0.305809, 0.922865, 0.27541, -0.532741, -0.334645, -0.726879,
 0.436708, 0.305809, 0.922865, -0.370556, 0.709245, -0.301692, -0.518311,
 0.436708, 0.305809, 0.922865, -0.334645, 0.726879, -0.27541, -0.532741,
 0.451847, 0.318295, 0.926726, 0.24844, 0.54584, -0.297898, 0.742696,
 0.451847, 0.318295, 0.926726, 0.27541, 0.532741, -0.334645, 0.726879,
 0.515841, -0.256544, 0.948282, -0.27541, 0.532741, 0.334645, 0.726879,
 0.515841, -0.256544, 0.948282, -0.24844, 0.54584, 0.297898, 0.742696,
 0.479436, -0.226517, 0.938997, 0.334645, 0.726879, 0.27541, -0.532741,
 0.479436, -0.226517, 0.938997, 0.370556, 0.709245, 0.301692, -0.518311,
 0.479436, 0.226517, 0.938997, -0.27541, -0.532741, 0.334645, -0.726879,
 0.479436, 0.226517, 0.938997, -0.301692, -0.518311, 0.370556, -0.709245,
 0.515841, 0.256544, 0.948281, 0.334645, -0.726879, 0.27541, 0.532741,
 0.515841, 0.256544, 0.948281, 0.297898, -0.742696, 0.24844, 0.54584,
 0.487006, -0.23276, 0.940927, 0.0674513, -0.934838, 0.324783, -0.126686,
 0.479436, -0.226517, 0.938997, 0.0674513, -0.934838, 0.324783, -0.126686,
 0.508271, 0.2503, 0.946351, -0.126686, 0.324783, -0.934838, 0.0674513,
 0.515841, 0.256544, 0.948281, -0.126686, 0.324783, -0.934838, 0.0674513,
 -0.300016, 1.10001, 0.750004, -0.707108, -2.77556e-17, 2.77556e-17, -0.707108,
 -4.28751e-06, 1.15001, 0.749998, -0.707108, -8.32667e-17, 2.77556e-17, -0.707108,
 0.3, 0.85, 0.75, 0.707107, 0, 0, 0.707107,
 0.1, 1.1, 0.6, 0.707107, 0, 0, 0.707107,
 0.8, 0, 0.6, 1, 0, 0, 0,
 -0.300016, 1.10001, 0.750004, -0.707108, -2.77556e-17, 2.77556e-17, -0.707108,
 -4.28751e-06, 1.15001, 0.749998, -0.707108, -8.32667e-17, 2.77556e-17, -0.707108,
 0.3, 0.85, 0.75, 0.707107, 0, 0, 0.707107,
 
0, 0, 0, 1, 0, 0, 0,
 0, 0, 0, 1, 0, 0, 0,
 -0.0500001, 0, 0.890675, 0.707107, 0, -0.707107, 0,
 -0.0670703, 0, 1.27213, 0.707107, 0, -0.707107, 0,
 0.0489299, 0, 1.11768, -0.707107, 0, 0, -0.707107,
 -0.0500001, -0.188, 0.890675, 0.620545, -0.339005, -0.620545, -0.339005,
 -0.0500001, 0.188, 0.890675, 0.620545, 0.339005, -0.620545, 0.339005,
 0.000929734, 0, 1.27213, -0.693012, -0.14048, -0.14048, -0.693012,
 0.0040302, -0.272147, 0.890675, -0.92972, -0.237396, -0.069654, -0.272787,
 0.0040302, 0.272147, 0.890675, -0.272787, -0.069654, -0.237396, -0.92972,
 0.0040302, -0.272147, 0.890675, 0.803075, -0.303564, 0.413242, -0.303564,
 0.0040302, 0.272147, 0.890675, 0.803075, 0.303564, 0.413242, 0.303564,
 0.193694, -0.567532, 0.698905, 0.488053, -0.616559, -0.0233568, 0.617346,
 0.193694, 0.567532, 0.698905, 0.617346, -0.0233568, -0.616559, 0.488053,
 0.193694, -0.567532, 0.698905, -0.285995, 0.839705, 0.393399, 0.24154,
 0.193694, 0.567532, 0.698905, -0.285995, -0.839705, 0.393399, -0.24154,
 0.377881, -0.399803, 0.901348, -0.145707, 0.937118, -0.297998, -0.108535,
 0.377881, 0.399803, 0.901348, -0.108535, -0.297998, 0.937118, -0.145707,
 0.39889, -0.372037, 0.908767, -0.0418855, -0.890686, -0.431374, -0.137276,
 0.39889, 0.372037, 0.908767, -0.0418855, 0.890686, -0.431374, 0.137276,
 0.451847, -0.318295, 0.926726, -0.297898, -0.742696, -0.24844, 0.54584,
 0.436708, -0.305809, 0.922865, 0.301692, -0.518311, -0.370556, -0.709245,
 0.436708, 0.305809, 0.922865, -0.370556, 0.709245, -0.301692, -0.518311,
 0.451847, 0.318295, 0.926726, 0.24844, 0.54584, -0.297898, 0.742696,
 0.515841, -0.256544, 0.948282, -0.27541, 0.532741, 0.334645, 0.726879,
 0.479436, -0.226517, 0.938997, 0.334645, 0.726879, 0.27541, -0.532741,
 0.479436, 0.226517, 0.938997, -0.27541, -0.532741, 0.334645, -0.726879,
 0.515841, 0.256544, 0.948281, 0.334645, -0.726879, 0.27541, 0.532741,
 0.487006, -0.23276, 0.940927, 0.0674513, -0.934838, 0.324783, -0.126686,
 0.508271, 0.2503, 0.946351, -0.126686, 0.324783, -0.934838, 0.0674513,
 -0.0282159, 0.00517696, 0.272424, 1, 0, 0, 0,
 0, 0, 0, 1, 0, 0, 0,
 -0.29, 0, 0.851, 1, 0, 0, 0,
 0.21838, 0.225407, 0.180919, 1, 0, 0, 0,
 0.224225, 0.270791, 0.0789213, 1, 0, 0, 0,
 0.224225, 0.172791, 0.0789213, 1, 0, 0, 0,
 0.21838, -0.223793, 0.180919, 1, 0, 0, 0,
 0.224225, -0.178409, 0.0789213, 1, 0, 0, 0,
 0.224225, -0.276409, 0.0789213, 1, 0, 0, 0,
 -0.23082, 0.225407, 0.180919, 1, 0, 0, 0,
 -0.224975, 0.270791, 0.0789213, 1, 0, 0, 0,
 -0.224975, 0.172791, 0.0789213, 1, 0, 0, 0,
 -0.23082, -0.223793, 0.180919, 1, 0, 0, 0,
 -0.224975, -0.178409, 0.0789213, 1, 0, 0, 0,
 -0.224975, -0.276409, 0.0789213, 1, 0, 0, 0,
 -0.116563, -0.00108579, 1.01135, -1, 0, 0, -0,
 -0.026643, 0.000777182, 1.26448, -1, 0, 0, -0,
 0.03954, 0.00096181, 1.36052, 0.980067, 0, 0.198669, 0,
 0.0474159, 1.43584e-08, 1.3225, 0.980067, 0, 0.198669, 0,
 0.0474159, 1.43584e-08, 1.3225, 0.980067, 0, 0.198669, 0,
 0.0479407, 8.16945e-09, 1.34942, 0.980067, 0, 0.198669, 0,
 -0.0538428, 0.00394506, 1.57636, 0.980067, 0, 0.198669, 0,
 -0.0208361, 0.0124999, 1.5983, 0.980067, 0, 0.198669, 0,
 -0.0208361, -0.0175001, 1.5983, 0.980067, 0, 0.198669, 0,
 -0.0524158, 0.0124999, 1.56005, 0.980067, 0, 0.198669, 0,
 0.0472586, -0.00300578, 1.12989, 1, 0, -0, 0,
 -0.0448562, -0.191235, 0.722545, -0.877583, 0, 0, 0.479426,
 0.033844, -0.320941, 0.877835, 0.850301, 0.118612, 0.217118, -0.464522,
 0.061539, -0.361528, 0.832555, 0.803075, -0.303564, 0.413242, -0.303564,
 0.144326, -0.497476, 0.743806, 0.803075, -0.303564, 0.413242, -0.303564,
 0.244854, -0.51539, 0.746781, -0.285995, 0.839705, 0.393399, 0.24154,
 0.210596, -0.556788, 0.714328, -0.781635, 0.419457, 0.452489, -0.0914241,
 0.318984, -0.452781, 0.833042, -0.285995, 0.839705, 0.393399, 0.24154,
 0.376423, -0.402433, 0.902914, 0.179776, -0.873359, -0.451926, -0.0262847,
 0.417531, -0.34752, 0.916464, -0.0418855, -0.890686, -0.431374, -0.137276,
 0.451216, -0.303233, 0.927257, -0.0418855, -0.890686, -0.431374, -0.137276,
 0.39889, -0.372037, 0.908767, -0.0418855, -0.890686, -0.431374, -0.137276,
 0.493236, -0.291834, 0.940276, 0.0349722, 0.911133, 0.386319, 0.139198,
 0.45184, -0.257573, 0.929275, -0.868013, 0.0486941, 0.135011, -0.475351,
 0.521172, -0.250676, 0.950242, -0.0418855, -0.890686, -0.431374, -0.137276,
 0.483703, -0.219702, 0.940425, 0.890686, -0.0418855, -0.137276, 0.431374,
 -0.0491989, 0.194023, 0.722545, -0.877583, 0, 0, -0.479426,
 0.0359917, 0.319562, 0.877835, 0.850301, -0.118612, 0.217118, 0.464522,
 0.0614936, 0.361649, 0.832696, 0.803075, 0.303564, 0.413242, 0.303564,
 0.144615, 0.496706, 0.742906, 0.803075, 0.303564, 0.413242, 0.303564,
 0.245654, 0.515918, 0.746491, -0.285995, -0.839705, 0.393399, -0.24154,
 0.210883, 0.556023, 0.713434, -0.781635, -0.419457, 0.452489, 0.0914241,
 0.317879, 0.452053, 0.833444, -0.285995, -0.839705, 0.393399, -0.24154,
 0.376795, 0.402679, 0.902779, 0.179776, 0.873359, -0.451926, 0.0262847,
 0.417092, 0.347158, 0.916352, -0.0418855, 0.890686, -0.431374, 0.137276,
 0.450881, 0.302957, 0.927172, -0.0418855, 0.890686, -0.431374, 0.137276,
 0.39889, 0.372037, 0.908767, -0.0418855, 0.890686, -0.431374, 0.137276,
 0.45172, 0.257591, 0.929687, 0.0486941, -0.868013, 0.475351, -0.135011,
 0.493356, 0.291815, 0.939863, 0.911133, 0.0349722, -0.139198, -0.386319,
 0.483632, 0.219713, 0.940668, -0.0418855, 0.890686, -0.431374, 0.137276,
 0.521242, 0.250665, 0.949999, -0.890686, -0.0418855, 0.137276, 0.431374,
 0, 0, 0.18, 1, 0, 0, 0,
 -0.13, 0, 0.55, 1, 0, 0, 0,
 0.108979, -0.435596, 0.78456, 0.803075, -0.303564, 0.413242, -0.303564,
 0.31419, -0.457802, 0.831344, -0.29955, 0.830764, 0.383179, 0.270698,
 0.469707, -0.278444, 0.933776, -0.0418855, -0.890686, -0.431374, -0.137276,
 0.108979, 0.435596, 0.78456, 0.803075, 0.303564, 0.413242, 0.303564,
 0.31419, 0.457802, 0.831344, -0.29955, -0.830764, 0.383179, -0.270698,
 0.469707, 0.278444, 0.933776, -0.0418855, 0.890686, -0.431374, 0.137276,
 0.508271, 0.2503, 0.946351, 0.0418855, -0.890686, 0.431374, -0.137276,
 0.487006, -0.23276, 0.940927, 0.0418855, 0.890686, 0.431374, 0.137276,
 0.404791, -0.364237, 0.910851, -0.579725, -0.753368, 0.191417, 0.244376,
 0.404791, 0.364237, 0.910851, 0.031525, 0.437371, -0.64258, -0.628336,
 0, 0, 0, 1, 0, 0, 0,
 0.15, 0, 0.890675, 1, 0, -1.11022e-16, 0,
 0.121345, 4.95118e-08, 1.3515, -0.589368, -0.390699, 0.390699, 0.589368,
 0.55, 0, 0.790675, 0.707107, 5.55112e-17, -5.55112e-17, -0.707107,
 0.093713, 3.09449e-08, 1.36318, 0.390699, -0.589368, 0.589368, -0.390699,
 -0.0208361, -0.0175001, 1.5983, 0.589368, 0.390699, -0.390699, -0.589368,
 0.0472586, -0.00300578, 1.12989, 0.5, -0.5, 0.5, -0.5,
 0.505116, -0.231648, 0.94628, 0.140075, -0.319237, -0.708725, 0.613335,
 0.505116, 0.231648, 0.94628, -0.613335, 0.708725, 0.319237, -0.140075,
 0, 0, 0, 1, 0, 0, 0,
 -0.0500001, 0, 0.890675, 0.707107, 0, -0.707107, 0,
 -0.05, 0, 0.790675, 0.707107, 0, -0.707107, 0,
 -0.0670703, 0, 1.27213, 0.707107, 0, -0.707107, 0,
 -0.0670703, 0, 1.27213, 0.707107, 0, -0.707107, 0,
 0.0489299, 0, 1.11768, -0.707107, 0, 0, -0.707107,
 0.0489299, 0, 1.11768, -0.707107, 0, 0, -0.707107,
 -0.0500001, -0.188, 0.890675, 0.620545, -0.339005, -0.620545, -0.339005,
 -0.0500001, -0.188, 0.890675, 0.707107, 0, -0.707107, 0,
 -0.0500001, 0.188, 0.890675, 0.620545, 0.339005, -0.620545, 0.339005,
 -0.0500001, 0.188, 0.890675, 0.707107, 0, -0.707107, 0,
 0.000929734, 0, 1.27213, -0.693012, -0.14048, -0.14048, -0.693012,
 0.000929734, 0, 1.27213, -0.707107, 0, 0, -0.707107,
 0.0040302, -0.272147, 0.890675, -0.92972, -0.237396, -0.069654, -0.272787,
 0.0040302, -0.272147, 0.890675, -0.95955, 0, 2.77556e-17, -0.28154,
 0.0040302, 0.272147, 0.890675, -0.272787, -0.069654, -0.237396, -0.92972,
 0.0040302, 0.272147, 0.890675, -0.28154, -5.55112e-17, 0, -0.95955,
 0.0040302, -0.272147, 0.890675, 0.803075, -0.303564, 0.413242, -0.303564,
 0.0040302, -0.272147, 0.890675, 0.850301, 0.118612, 0.217118, -0.464522,
 0.0040302, 0.272147, 0.890675, 0.803075, 0.303564, 0.413242, 0.303564,
 0.0040302, 0.272147, 0.890675, 0.850301, -0.118612, 0.217118, 0.464522,
 0.193694, -0.567532, 0.698905, 0.488053, -0.616559, -0.0233568, 0.617346,
 0.193694, -0.567532, 0.698905, 0.782512, 0.0775539, 0.506859, 0.353207,
 0.193694, 0.567532, 0.698905, 0.617346, -0.0233568, -0.616559, 0.488053,
 0.193694, 0.567532, 0.698905, 0.353207, 0.506859, 0.0775539, 0.782512,
 0.193694, -0.567532, 0.698905, -0.285995, 0.839705, 0.393399, 0.24154,
 0.193694, -0.567532, 0.698905, -0.781635, 0.419457, 0.452489, -0.0914241,
 0.193694, 0.567532, 0.698905, -0.285995, -0.839705, 0.393399, -0.24154,
 0.193694, 0.567532, 0.698905, -0.781635, -0.419457, 0.452489, 0.0914241,
 0.377881, -0.399803, 0.901348, -0.145707, 0.937118, -0.297998, -0.108535,
 0.377881, -0.399803, 0.901348, -0.373024, 0.871937, -0.315586, -0.0314346,
 0.377881, 0.399803, 0.901348, -0.108535, -0.297998, 0.937118, -0.145707,
 0.377881, 0.399803, 0.901348, -0.0314346, -0.315586, 0.871937, -0.373024,
 0.377881, -0.399803, 0.901348, -0.0418855, -0.890686, -0.431374, -0.137276,
 0.377881, -0.399803, 0.901348, 0.179776, -0.873359, -0.451926, -0.0262847,
 0.377881, 0.399803, 0.901348, -0.0418855, 0.890686, -0.431374, 0.137276,
 0.377881, 0.399803, 0.901348, 0.179776, 0.873359, -0.451926, 0.0262847,
 0.451847, -0.318295, 0.926726, -0.297898, -0.742696, -0.24844, 0.54584,
 0.451847, -0.318295, 0.926726, -0.334645, -0.726879, -0.27541, 0.532741,
 0.436708, -0.305809, 0.922865, 0.301692, -0.518311, -0.370556, -0.709245,
 0.436708, -0.305809, 0.922865, 0.27541, -0.532741, -0.334645, -0.726879,
 0.436708, 0.305809, 0.922865, -0.370556, 0.709245, -0.301692, -0.518311,
 0.436708, 0.305809, 0.922865, -0.334645, 0.726879, -0.27541, -0.532741,
 0.451847, 0.318295, 0.926726, 0.24844, 0.54584, -0.297898, 0.742696,
 0.451847, 0.318295, 0.926726, 0.27541, 0.532741, -0.334645, 0.726879,
 0.515841, -0.256544, 0.948282, -0.27541, 0.532741, 0.334645, 0.726879,
 0.515841, -0.256544, 0.948282, -0.24844, 0.54584, 0.297898, 0.742696,
 0.479436, -0.226517, 0.938997, 0.334645, 0.726879, 0.27541, -0.532741,
 0.479436, -0.226517, 0.938997, 0.370556, 0.709245, 0.301692, -0.518311,
 0.479436, 0.226517, 0.938997, -0.27541, -0.532741, 0.334645, -0.726879,
 0.479436, 0.226517, 0.938997, -0.301692, -0.518311, 0.370556, -0.709245,
 0.515841, 0.256544, 0.948281, 0.334645, -0.726879, 0.27541, 0.532741,
 0.515841, 0.256544, 0.948281, 0.297898, -0.742696, 0.24844, 0.54584,
 0.487006, -0.23276, 0.940927, 0.0674513, -0.934838, 0.324783, -0.126686,
 0.479436, -0.226517, 0.938997, 0.0674513, -0.934838, 0.324783, -0.126686,
 0.508271, 0.2503, 0.946351, -0.126686, 0.324783, -0.934838, 0.0674513,
 0.515841, 0.256544, 0.948281, -0.126686, 0.324783, -0.934838, 0.0674513,
 -0.300016, 1.10001, 0.750004, -0.707108, -2.77556e-17, 2.77556e-17, -0.707108,
 -2.05939e-06, 1.15001, 0.900004, -0.707108, -2.77556e-17, 2.77556e-17, -0.707108,
 0.3, 0.85, 0.75, 0.707107, 0, 0, 0.707107,
 0.1, 1.1, 0.6, 0.707107, 0, 0, 0.707107,
 0.8, 0, 0.6, 1, 0, 0, 0,
 -0.300016, 1.10001, 0.750004, -0.707108, -2.77556e-17, 2.77556e-17, -0.707108,
 -2.05939e-06, 1.15001, 0.900004, -0.707108, -2.77556e-17, 2.77556e-17, -0.707108,
 0.3, 0.85, 0.75, 0.707107, 0, 0, 0.707107,
 ], x:[[0, 0, 0, 0.1, 0, 0, -1, 1, 0.4, 0.5, 0.5, -1, 1, -2, -2, -1.5, 1.5, -0.5, -0.5, -0.5, 0.5, 0.1, 0.1, 0.01, 0.01, 1.4787, 0.0205667, -0.522559, -0.53274, -0.726877, -0.275409, 0.334644, 0.153122, 0.00617394, 1.05526, 0.53274, 0.726877, -0.275409, 0.334644], [0, 0, 0, 0.1, 0, 0, -1, 1, 0.4, 0.5, 0.5, -1, 1, -2, -2, -1.5, 1.5, -0.5, -0.5, -0.5, 0.5, 0.1, 0.1, 0.01, 0.01, 1.4787, 0.0205667, -0.522559, -0.53274, -0.726877, -0.275409, 0.334644, 0.0499969, -0.300013, 0]], dual:[] },
QuaternionNorms:{ order:0, type:eq, feature:QuaternionNorms, vars:[1, 1] },
qItself#46:{ order:1, type:sos, feature:"qItself#46", vars:[1, 1] },
qItself#46:{ order:0, type:sos, feature:"qItself#46", vars:[1, 1] },
qZeroVel-red:{ order:1, type:eq, feature:"qZeroVel-red" },
TM_NoJumpToParent-1-red:{ order:1, type:eq, feature:"TM_NoJumpToParent-1-red" },
TM_NoJumpToParent-1-green:{ order:1, type:eq, feature:"TM_NoJumpToParent-1-green", vars:[1] },
TM_NoJumpToParent-1-green:{ order:1, type:eq, feature:"TM_NoJumpToParent-1-green", vars:[0, 1] },
AboveBox:green:red:{ order:0, type:ineq, feature:"AboveBox:green:red", vars:[0, 1] },
PairCollision-pr2L-green:{ order:0, type:eq, feature:"PairCollision-pr2L-green", vars:[0, 1] },
PairCollision-green-red:{ order:0, type:eq, feature:"PairCollision-green-red", vars:[0, 1] },
ProxyCost:{ order:0, type:sos, feature:ProxyCost, vars:[1, 1] }}KOMO_run_log: [
{ lagrangianQuery: True, errors: [0.215866, 1.89393, 85.1645] },
{ lineSearch: 0, alpha: 1, beta: 1, f_x: 8545.76, f_y: 5210.76, wolfe: 1, accept: True },
{ newton: 1, evaluations: 2, f_x: 5210.76, alpha: 1.5 },
{ lagrangianQuery: True, errors: [0.338225, 2.19602, 61.6752] },
{ lineSearch: 0, alpha: 1, beta: 1, f_x: 5210.76, f_y: 2750.48, wolfe: 1, accept: True },
{ newton: 2, evaluations: 3, f_x: 2750.48, alpha: 1.5 },
{ lagrangianQuery: True, errors: [0.633278, 1.70021, 39.0849] },
{ lineSearch: 0, alpha: 1, beta: 1, f_x: 2750.48, f_y: 1046.93, wolfe: 1, accept: True },
{ newton: 3, evaluations: 4, f_x: 1046.93, alpha: 1.5 },
{ lagrangianQuery: True, errors: [1.04719, 1.12093, 24.1121] },
{ lineSearch: 0, alpha: 1, beta: 1, f_x: 1046.93, f_y: 405.497, wolfe: 1, accept: True },
{ newton: 4, evaluations: 5, f_x: 405.497, alpha: 1.5 },
{ lagrangianQuery: True, errors: [0.794747, 0.825583, 10.6606] },
{ lineSearch: 0, alpha: 1, beta: 1, f_x: 405.497, f_y: 69.7518, wolfe: 1, accept: True },
{ newton: 5, evaluations: 6, f_x: 69.7518, alpha: 1.5 },
{ lagrangianQuery: True, errors: [0.769492, 0.659567, 0.9941] },
{ lineSearch: 0, alpha: 1, beta: 1, f_x: 69.7518, f_y: 1.27253, wolfe: 1, accept: True },
{ newton: 6, evaluations: 7, f_x: 1.27253, alpha: 1.5 },
{ lagrangianQuery: True, errors: [0.101611, 0.507192, 4.31371] },
{ lineSearch: 0, alpha: 1, beta: 1, f_x: 1.27253, f_y: 17.3777, wolfe: 0, accept: False },
{ lagrangianQuery: True, errors: [0.160788, 0.583379, 2.01145] },
{ lineSearch: 1, alpha: 0.5, beta: 1, f_x: 1.27253, f_y: 3.38807, wolfe: 0, accept: False },
{ lagrangianQuery: True, errors: [0.41185, 0.621473, 1.1622] },
{ lineSearch: 2, alpha: 0.25, beta: 1, f_x: 1.27253, f_y: 1.2579, wolfe: 1, accept: True },
{ newton: 7, evaluations: 10, f_x: 1.2579, alpha: 0.375 },
{ lagrangianQuery: True, errors: [0.159491, 0.543251, 1.18323] },
{ lineSearch: 0, alpha: 0.375, beta: 1, f_x: 1.2579, f_y: 1.25826, wolfe: 0, accept: False },
{ lagrangianQuery: True, errors: [0.267819, 0.582362, 1.05392] },
{ lineSearch: 1, alpha: 0.1875, beta: 1, f_x: 1.2579, f_y: 1.05649, wolfe: 1, accept: True },
{ newton: 8, evaluations: 12, f_x: 1.05649, alpha: 0.28125 },
{ lagrangianQuery: True, errors: [0.162112, 0.478585, 0.79318] },
{ lineSearch: 0, alpha: 0.28125, beta: 1, f_x: 1.05649, f_y: 0.647645, wolfe: 1, accept: True },
{ newton: 9, evaluations: 13, f_x: 0.647645, alpha: 0.421875 },
{ lagrangianQuery: True, errors: [0.0762549, 0.278115, 0.514857] },
{ lineSearch: 0, alpha: 0.421875, beta: 1, f_x: 0.647645, f_y: 0.271002, wolfe: 1, accept: True },
{ newton: 10, evaluations: 14, f_x: 0.271002, alpha: 0.632812 },
{ lagrangianQuery: True, errors: [0.0202429, 0.103823, 0.320415] },
{ lineSearch: 0, alpha: 0.632812, beta: 1, f_x: 0.271002, f_y: 0.0887481, wolfe: 1, accept: True },
{ newton: 11, evaluations: 15, f_x: 0.0887481, alpha: 0.949219 },
{ lagrangianQuery: True, errors: [0.0242059, 0.00602597, 0.156219] },
{ lineSearch: 0, alpha: 0.949219, beta: 1, f_x: 0.0887481, f_y: 0.030358, wolfe: 1, accept: True },
{ newton: 12, evaluations: 16, f_x: 0.030358, alpha: 1.42383 },
{ lagrangianQuery: True, errors: [0.0180084, 0.00103044, 0.143576] },
{ lineSearch: 0, alpha: 1, beta: 1, f_x: 0.030358, f_y: 0.0244328, wolfe: 1, accept: True },
{ newton: 13, evaluations: 17, f_x: 0.0244328, alpha: 1.5 },
{ lagrangianQuery: True, errors: [0.00222125, 0.0570738, 2.91977] },
{ lineSearch: 0, alpha: 1, beta: 1, f_x: 0.0244328, f_y: 7.89967, wolfe: 0, accept: False },
{ lagrangianQuery: True, errors: [0.0131576, 0.0281834, 0.731768] },
{ lineSearch: 1, alpha: 0.5, beta: 1, f_x: 0.0244328, f_y: 0.433113, wolfe: 0, accept: False },
{ lagrangianQuery: True, errors: [0.0154989, 0.0141152, 0.216336] },
{ lineSearch: 2, alpha: 0.25, beta: 1, f_x: 0.0244328, f_y: 0.0357428, wolfe: 0, accept: False },
{ lagrangianQuery: True, errors: [0.0167338, 0.00721937, 0.169352] },
{ lineSearch: 3, alpha: 0.125, beta: 1, f_x: 0.0244328, f_y: 0.0267997, wolfe: 0, accept: False },
{ lagrangianQuery: True, errors: [0.0173663, 0.00377144, 0.151936] },
{ lineSearch: 4, alpha: 0.0625, beta: 1, f_x: 0.0244328, f_y: 0.0248149, wolfe: 0, accept: False },
{ lagrangianQuery: True, errors: [0.0176862, 0.00204747, 0.14385] },
{ lineSearch: 5, alpha: 0.03125, beta: 1, f_x: 0.0244328, f_y: 0.0241449, wolfe: 1, accept: True },
{ newton: 14, evaluations: 23, f_x: 0.0241449, alpha: 0.046875 },
{ lagrangianQuery: True, errors: [0.0175606, 0.00193071, 0.143573] },
{ lineSearch: 0, alpha: 0.046875, beta: 1, f_x: 0.0241449, f_y: 0.0239619, wolfe: 1, accept: True },
{ newton: 15, evaluations: 24, f_x: 0.0239619, alpha: 0.0703125 },
{ lagrangianQuery: True, errors: [0.0174639, 0.00179924, 0.140821] },
{ lineSearch: 0, alpha: 0.0703125, beta: 1, f_x: 0.0239619, f_y: 0.0235262, wolfe: 1, accept: True },
{ newton: 16, evaluations: 25, f_x: 0.0235262, alpha: 0.105469 },
{ lagrangianQuery: True, errors: [0.0174639, 0.00179924, 0.140821] },
{ optConstraint: 1, mu: 5, nu: 5, L_x_beforeUpdate: 0.0235262, L_x_afterUpdate: 0.0599005, errors: [0.0174639, 0.00179924, 0.140821], lambda: [-3.87648e-09, 0.000352717, 0, 0, 0, 0, 0, 0, 0, 0, 0, 0, 0, 0, 0, 0, 0, 0, 0, 0, 0, 0, 0, 0, 0, 0, 0, 0, 0, 0, 0, 0, 0, 0, 0, 0, 0, 0, 0, 0, 0, 0, 0, 0, 0, 0, 0, 0, 0, 0, 0, 0, -0.000178921, -0.00150228, -0.00375492, 3.68913e-05, -0.00299034, -0.000779475, -0.000394068, 0, 0.000760851, 0, 0, 0, 0, 0, 0, 0, 0, 0, 0, 0, 0, 0, 0, 0, 0, 0, 0, 0, 0, 0, 0, 0, 0, 0, 0, 0, 0, 0, 0, 0, 0, 0, 0, 0, 0, 0, 0, 0, 0, 0, 0, 0, 0, 0, 0, 0, 0, 0, 0, 0.000631676, -0.110771, 0.019309, -0.00724984, 0.00885284, -0.00854382, -0.00931633, 0, 0.00162829, 0, 0.0019702, -0.106216, 2.02287e-07, 0] },
{ lagrangianQuery: True, errors: [0.0178279, 0.00157306, 0.126621] },
{ lineSearch: 0, alpha: 0.105469, beta: 1, f_x: 0.0599005, f_y: 0.0531113, wolfe: 1, accept: True },
{ newton: 17, evaluations: 26, f_x: 0.0531113, alpha: 0.158203 },
{ lagrangianQuery: True, errors: [0.0183241, 0.00126948, 0.107554] },
{ lineSearch: 0, alpha: 0.158203, beta: 1, f_x: 0.0531113, f_y: 0.0450585, wolfe: 1, accept: True },
{ newton: 18, evaluations: 27, f_x: 0.0450585, alpha: 0.237305 },
{ lagrangianQuery: True, errors: [0.0189205, 0.000885974, 0.0841135] },
{ lineSearch: 0, alpha: 0.237305, beta: 1, f_x: 0.0450585, f_y: 0.0365734, wolfe: 1, accept: True },
{ newton: 19, evaluations: 28, f_x: 0.0365734, alpha: 0.355957 },
{ lagrangianQuery: True, errors: [0.0194297, 0.000446855, 0.0589655] },
{ lineSearch: 0, alpha: 0.355957, beta: 1, f_x: 0.0365734, f_y: 0.0290237, wolfe: 1, accept: True },
{ newton: 20, evaluations: 29, f_x: 0.0290237, alpha: 0.533936 },
{ lagrangianQuery: True, errors: [0.0195703, 2.1887e-05, 0.0376712] },
{ lineSearch: 0, alpha: 0.533936, beta: 1, f_x: 0.0290237, f_y: 0.0238012, wolfe: 1, accept: True },
{ newton: 21, evaluations: 30, f_x: 0.0238012, alpha: 0.800903 },
{ lagrangianQuery: True, errors: [0.0195703, 2.1887e-05, 0.0376712] },
{ optConstraint: 2, mu: 25, nu: 25, L_x_beforeUpdate: 0.0238012, L_x_afterUpdate: 0.0332146, errors: [0.0195703, 2.1887e-05, 0.0376712], lambda: [-4.0354e-09, 0.0111842, 0, 0, 0, 0, 0, 0, 0, 0, 0, 0, 0, 0, 0, 0, 0, 0, 0, 0, 0, 0, 0, 0, 0, 0, 0, 0, 0, 0, 0, 0, 0, 0, 0, 0, 0, 0, 0, 0, 0, 0, 0, 0, 0, 0, 0, 0, 0, 0, 0, 0, 0.00647475, 0.0143892, -0.00600454, 0.000221311, -0.00790897, 0.00137059, 0.014477, 0, 0.00329187, 0, 0, 0, 0, 0, 0, 0, 0, 0, 0, 0, 0, 0, 0, 0, 0, 0, 0, 0, 0, 0, 0, 0, 0, 0, 0, 0, 0, 0, 0, 0, 0, 0, 0, 0, 0, 0, 0, 0, 0, 0, 0, 0, 0, 0, 0, 0, 0, 0, 0, -0.000530015, -0.256219, 0.0477453, -0.019493, 0.0257757, -0.0214, -0.0189975, 0, 0.00168414, 0, 0.00213322, -0.195894, 4.68698e-06, 0] },
{ lagrangianQuery: True, errors: [0.0186947, 0, 0.0579499] },
{ lineSearch: 0, alpha: 0.800903, beta: 1, f_x: 0.0332146, f_y: 0.0836728, wolfe: 0, accept: False },
{ lagrangianQuery: True, errors: [0.0192732, 0, 0.0387634] },
{ lineSearch: 1, alpha: 0.400452, beta: 1, f_x: 0.0332146, f_y: 0.0386586, wolfe: 0, accept: False },
{ lagrangianQuery: True, errors: [0.0193772, 4.12717e-06, 0.0359284] },
{ lineSearch: 2, alpha: 0.200226, beta: 1, f_x: 0.0332146, f_y: 0.0330424, wolfe: 1, accept: True },
{ newton: 22, evaluations: 33, f_x: 0.0330424, alpha: 0.300339 },
{ lagrangianQuery: True, errors: [0.0190985, 0, 0.0256749] },
{ lineSearch: 0, alpha: 0.300339, beta: 1, f_x: 0.0330424, f_y: 0.0269935, wolfe: 1, accept: True },
{ newton: 23, evaluations: 34, f_x: 0.0269935, alpha: 0.450508 },
{ lagrangianQuery: True, errors: [0.0190884, 0, 0.0162304] },
{ lineSearch: 0, alpha: 0.450508, beta: 1, f_x: 0.0269935, f_y: 0.0237282, wolfe: 1, accept: True },
{ newton: 24, evaluations: 35, f_x: 0.0237282, alpha: 0.675762 },
{ lagrangianQuery: True, errors: [0.0232266, 0, 0.0114055] },
{ lineSearch: 0, alpha: 0.675762, beta: 1, f_x: 0.0237282, f_y: 0.0244183, wolfe: 0, accept: False },
{ lagrangianQuery: True, errors: [0.0182726, 0, 0.0131349] },
{ lineSearch: 1, alpha: 0.337881, beta: 1, f_x: 0.0237282, f_y: 0.0215755, wolfe: 1, accept: True },
{ newton: 25, evaluations: 37, f_x: 0.0215755, alpha: 0.506822 },
{ lagrangianQuery: True, errors: [0.0201848, 0, 0.0109033] },
{ lineSearch: 0, alpha: 0.506822, beta: 1, f_x: 0.0215755, f_y: 0.0223829, wolfe: 0, accept: False },
{ lagrangianQuery: True, errors: [0.0185735, 0, 0.00983461] },
{ lineSearch: 1, alpha: 0.253411, beta: 1, f_x: 0.0215755, f_y: 0.020734, wolfe: 1, accept: True },
{ newton: 26, evaluations: 39, f_x: 0.020734, alpha: 0.380116 },
{ lagrangianQuery: True, errors: [0.0185735, 0, 0.00983461] },
{ optConstraint: 3, mu: 125, nu: 125, L_x_beforeUpdate: 0.020734, L_x_afterUpdate: 0.025746, errors: [0.0185735, 0, 0.00983461], lambda: [-7.35103e-10, 0.0325502, 0, 0, 0, 0, 0, 0, 0, 0, 0, 0, 0, 0, 0, 0, 0, 0, 0, 0, 0, 0, 0, 0, 0, 0, 0, 0, 0, 0, 0, 0, 0, 0, 0, 0, 0, 0, 0, 0, 0, 0, 0, 0, 0, 0, 0, 0, 0, 0, 0, 0, 0.0194657, 0.0523112, -0.016775, 0.0011484, -0.00505587, 0.0128267, 0.0479894, 0, 0.00778861, 0, 0, 0, 0, 0, 0, 0, 0, 0, 0, 0, 0, 0, 0, 0, 0, 0, 0, 0, 0, 0, 0, 0, 0, 0, 0, 0, 0, 0, 0, 0, 0, 0, 0, 0, 0, 0, 0, 0, 0, 0, 0, 0, 0, 0, 0, 0, 0, 0, 0, -0.00429346, -0.289947, 0.0690336, -0.0235517, 0.0310043, -0.021015, -0.026007, 0, 0.000568773, 0, 0.00030634, -0.475836, 3.6076e-05, 0] },
{ lagrangianQuery: True, errors: [0.0171673, 0, 0.00827905] },
{ lineSearch: 0, alpha: 0.380116, beta: 1, f_x: 0.025746, f_y: 0.0240764, wolfe: 1, accept: True },
{ newton: 27, evaluations: 40, f_x: 0.0240764, alpha: 0.570174 },
{ lagrangianQuery: True, errors: [0.01554, 0, 0.0159008] },
{ lineSearch: 0, alpha: 0.570174, beta: 1, f_x: 0.0240764, f_y: 0.0364189, wolfe: 0, accept: False },
{ lagrangianQuery: True, errors: [0.016376, 0, 0.00792749] },
{ lineSearch: 1, alpha: 0.285087, beta: 1, f_x: 0.0240764, f_y: 0.022763, wolfe: 1, accept: True },
{ newton: 28, evaluations: 42, f_x: 0.022763, alpha: 0.427631 },
{ lagrangianQuery: True, errors: [0.0217226, 0, 0.0171633] },
{ lineSearch: 0, alpha: 0.427631, beta: 1, f_x: 0.022763, f_y: 0.0507167, wolfe: 0, accept: False },
{ lagrangianQuery: True, errors: [0.0170916, 0, 0.0130797] },
{ lineSearch: 1, alpha: 0.213815, beta: 1, f_x: 0.022763, f_y: 0.0364089, wolfe: 0, accept: False },
{ lagrangianQuery: True, errors: [0.0159989, 0, 0.0104572] },
{ lineSearch: 2, alpha: 0.106908, beta: 1, f_x: 0.022763, f_y: 0.028204, wolfe: 0, accept: False },
{ lagrangianQuery: True, errors: [0.016185, 0, 0.00896082] },
{ lineSearch: 3, alpha: 0.0534538, beta: 1, f_x: 0.022763, f_y: 0.0248251, wolfe: 0, accept: False },
{ newton: 29, evaluations: 46, f_x: 0.022763, alpha: 0.0267269 },
{ lagrangianQuery: True, errors: [0.0162799, 0, 0.00816814] },
{ lineSearch: 0, alpha: 0.0267269, beta: 1, f_x: 0.022763, f_y: 0.0232317, wolfe: 0, accept: False },
{ newton: 30, evaluations: 47, f_x: 0.022763, alpha: 0.0133635 },
{ lagrangianQuery: True, errors: [0.0163278, 0, 0.00792028] },
{ lineSearch: 0, alpha: 0.0133635, beta: 1, f_x: 0.022763, f_y: 0.0227616, wolfe: 0, accept: False },
{ newton: 31, evaluations: 48, f_x: 0.022763, alpha: 0.00668173 },
{ lagrangianQuery: True, errors: [0.0163518, 0, 0.007892] },
{ lineSearch: 0, alpha: 0.00668173, beta: 1, f_x: 0.022763, f_y: 0.0227048, wolfe: 1, accept: True },
{ newton: 32, evaluations: 49, f_x: 0.0227048, alpha: 0.0100226 },
{ lagrangianQuery: True, errors: [0.0163207, 0, 0.00783077] },
{ lineSearch: 0, alpha: 0.0100226, beta: 1, f_x: 0.0227048, f_y: 0.0226074, wolfe: 1, accept: True },
{ newton: 33, evaluations: 50, f_x: 0.0226074, alpha: 0.0150339 },
{ lagrangianQuery: True, errors: [0.0162797, 0, 0.00771297] },
{ lineSearch: 0, alpha: 0.0150339, beta: 1, f_x: 0.0226074, f_y: 0.0224192, wolfe: 1, accept: True },
{ newton: 34, evaluations: 51, f_x: 0.0224192, alpha: 0.0225508 },
{ lagrangianQuery: True, errors: [0.0162797, 0, 0.00771297] },
{ optConstraint: 4, mu: 625, nu: 625, L_x_beforeUpdate: 0.0224192, L_x_afterUpdate: 0.0439434, errors: [0.0162797, 0, 0.00771297], lambda: [6.76823e-09, 0.109901, 0, 0, 0, 0, 0, 0, 0, 0, 0, 0, 0, 0, 0, 0, 0, 0, 0, 0, 0, 0, 0, 0, 0, 0, 0, 0, 0, 0, 0, 0, 0, 0, 0, 0, 0, 0, 0, 0, 0, 0, 0, 0, 0, 0, 0, 0, 0, 0, 0, 0, 0.0654534, 0.19161, -0.0253609, 0.00578673, 0.0156734, 0.0548025, 0.169713, 0, 0.0268284, 0, 0, 0, 0, 0, 0, 0, 0, 0, 0, 0, 0, 0, 0, 0, 0, 0, 0, 0, 0, 0, 0, 0, 0, 0, 0, 0, 0, 0, 0, 0, 0, 0, 0, 0, 0, 0, 0, 0, 0, 0, 0, 0, 0, 0, 0, 0, 0, 0, 0, -0.0120679, -0.253404, 0.100134, -0.0289686, 0.0348061, -0.00299498, -0.050971, 0, 0, 0, 0, -1.79696, 0.000206509, 0] },
{ lagrangianQuery: True, errors: [0.0162201, 0.000517768, 0.00751251] },
{ lineSearch: 0, alpha: 0.0225508, beta: 1, f_x: 0.0439434, f_y: 0.0428272, wolfe: 1, accept: True },
{ newton: 35, evaluations: 52, f_x: 0.0428272, alpha: 0.0338263 },
{ lagrangianQuery: True, errors: [0.0161318, 0.000500252, 0.00721699] },
{ lineSearch: 0, alpha: 0.0338263, beta: 1, f_x: 0.0428272, f_y: 0.0409926, wolfe: 1, accept: True },
{ newton: 36, evaluations: 53, f_x: 0.0409926, alpha: 0.0507394 },
{ lagrangianQuery: True, errors: [0.0159998, 0.000474868, 0.00680491] },
{ lineSearch: 0, alpha: 0.0507394, beta: 1, f_x: 0.0409926, f_y: 0.0384877, wolfe: 1, accept: True },
{ newton: 37, evaluations: 54, f_x: 0.0384877, alpha: 0.0761091 },
{ lagrangianQuery: True, errors: [0.0158029, 0.000438723, 0.00625985] },
{ lineSearch: 0, alpha: 0.0761091, beta: 1, f_x: 0.0384877, f_y: 0.0352724, wolfe: 1, accept: True },
{ newton: 38, evaluations: 55, f_x: 0.0352724, alpha: 0.114164 },
{ lagrangianQuery: True, errors: [0.0155105, 0.000388634, 0.005585] },
{ lineSearch: 0, alpha: 0.114164, beta: 1, f_x: 0.0352724, f_y: 0.031387, wolfe: 1, accept: True },
{ newton: 39, evaluations: 56, f_x: 0.031387, alpha: 0.171245 },

] #end of KOMO_run_log
